scenario_id,variant_id,zone,npcc_bus_id,npcc_bus_name,zone_target_generation_mw,perform_bus_weight,ideal_bus_pg_mw,applied_bus_pg_mw,capacity_redispatch_mw,bus_pmin_mw,bus_pmax_mw,source_rule,confidence
S1_2025_SUMMER_PEAK_PUBLIC,S4_GSK__current,F,42,ALBANY,993.746927215201,NaN,635.087276993205,635.087276993205,0,0,1068.003995,S4 ACOPF bus dispatch,reference
S1_2025_SUMMER_PEAK_PUBLIC,S4_GSK__current,D,47,MOSES W,977.800993437805,NaN,937.740947737805,937.740947737805,0,0,944.920662,S4 ACOPF bus dispatch,reference
S1_2025_SUMMER_PEAK_PUBLIC,S4_GSK__current,D,48,MOSES E,977.800993437805,NaN,40.0600457,40.0600457,0,0,40.0600457,S4 ACOPF bus dispatch,reference
S1_2025_SUMMER_PEAK_PUBLIC,S4_GSK__current,C,50,CLAY,2511.2,NaN,1105.24857748821,1105.24857748821,0,0,1105.24857748821,S4 ACOPF bus dispatch,reference
S1_2025_SUMMER_PEAK_PUBLIC,S4_GSK__current,C,51,CLAY,2511.2,NaN,292.878562141814,292.878562141814,0,0,292.878562141814,S4 ACOPF bus dispatch,reference
S1_2025_SUMMER_PEAK_PUBLIC,S4_GSK__current,B,53,ROCHESTER,288.8,NaN,288.8,288.8,0,0,288.8,S4 ACOPF bus dispatch,reference
S1_2025_SUMMER_PEAK_PUBLIC,S4_GSK__current,A,54,NIAGARA W,1292.8,NaN,394.385301787287,394.385301787287,0,0,394.385301787287,S4 ACOPF bus dispatch,reference
S1_2025_SUMMER_PEAK_PUBLIC,S4_GSK__current,A,55,NIAGARA E,1292.8,NaN,197.192650893643,197.192650893643,0,0,197.192650893643,S4 ACOPF bus dispatch,reference
S1_2025_SUMMER_PEAK_PUBLIC,S4_GSK__current,A,56,HUNTLEY,1292.8,NaN,495.093851384339,495.093851384339,0,0,495.093851384339,S4 ACOPF bus dispatch,reference
S1_2025_SUMMER_PEAK_PUBLIC,S4_GSK__current,A,57,HUNTLEY,1292.8,NaN,14.3166985641929,14.3166985641929,0,0,14.3166985641929,S4 ACOPF bus dispatch,reference
S1_2025_SUMMER_PEAK_PUBLIC,S4_GSK__current,A,60,DUNKIRK,1292.8,NaN,59.5351288283759,59.5351288283759,0,0,59.5351288283759,S4 ACOPF bus dispatch,reference
S1_2025_SUMMER_PEAK_PUBLIC,S4_GSK__current,A,61,DUNKIRK,1292.8,NaN,132.276368542162,132.276368542162,0,0,132.276368542162,S4 ACOPF bus dispatch,reference
S1_2025_SUMMER_PEAK_PUBLIC,S4_GSK__current,C,65,GESONIDGE,2511.2,NaN,7.481832143219,7.481832143219,0,0,7.481832143219,S4 ACOPF bus dispatch,reference
S1_2025_SUMMER_PEAK_PUBLIC,S4_GSK__current,C,68,HILLSIDE,2511.2,NaN,271.054008885173,271.054008885173,0,0,271.054008885173,S4 ACOPF bus dispatch,reference
S1_2025_SUMMER_PEAK_PUBLIC,S4_GSK__current,C,71,BINGHAMTON,2511.2,NaN,643.677757785503,643.677757785503,0,0,643.677757785503,S4 ACOPF bus dispatch,reference
S1_2025_SUMMER_PEAK_PUBLIC,S4_GSK__current,C,72,LAPEER,2511.2,NaN,190.859261556085,190.859261556085,0,0,190.859261556085,S4 ACOPF bus dispatch,reference
S1_2025_SUMMER_PEAK_PUBLIC,S4_GSK__current,I,78,CE UG,0,NaN,0,0,0,0,565.099092,S4 ACOPF bus dispatch,reference
S1_2025_SUMMER_PEAK_PUBLIC,S4_GSK__current,J,79,RAV A-3,2665.32992322799,NaN,1066.94556909402,1066.94556909402,0,0,1777.453484,S4 ACOPF bus dispatch,reference
S1_2025_SUMMER_PEAK_PUBLIC,S4_GSK__current,K,80,NORTHPORT,1603.17038873812,NaN,1120.98796628237,1120.98796628237,0,0,1784.929342,S4 ACOPF bus dispatch,reference
S1_2025_SUMMER_PEAK_PUBLIC,S4_GSK__current,J,82,AK-3,2665.32992322799,NaN,1112.74317846456,1112.74317846456,0,0,1519.623976,S4 ACOPF bus dispatch,reference
S1_2025_SUMMER_PEAK_PUBLIC,S4_GSK__current,J,81,GOETHALS,2665.32992322799,NaN,485.641175669405,485.641175669405,0,0,900,S4 ACOPF bus dispatch,reference
S1_2025_SUMMER_PEAK_PUBLIC,S4_GSK__current,E,43,EDIC,0,NaN,0,0,0,0,400,S4 ACOPF bus dispatch,reference
S1_2025_SUMMER_PEAK_PUBLIC,S4_GSK__current,E,44,PORTER,0,NaN,0,0,0,0,200,S4 ACOPF bus dispatch,reference
S1_2025_SUMMER_PEAK_PUBLIC,S4_GSK__current,F,38,GILBOA,993.746927215201,NaN,106.951627185816,106.951627185816,0,0,500,S4 ACOPF bus dispatch,reference
S1_2025_SUMMER_PEAK_PUBLIC,S4_GSK__current,F,41,ROTTERDAM,993.746927215201,NaN,141.157799264905,141.157799264905,0,0,300,S4 ACOPF bus dispatch,reference
S1_2025_SUMMER_PEAK_PUBLIC,S4_GSK__current,F,37,NEW SEATHED,993.746927215201,NaN,110.550223771275,110.550223771275,0,0,300,S4 ACOPF bus dispatch,reference
S1_2025_SUMMER_PEAK_PUBLIC,S4_GSK__current,G,73,PLEASANT VLY,935.442568774488,NaN,325.871613985751,325.871613985751,0,0,900,S4 ACOPF bus dispatch,reference
S1_2025_SUMMER_PEAK_PUBLIC,S4_GSK__current,G,76,RAMAPO,935.442568774488,NaN,414.056521488942,414.056521488942,0,0,700,S4 ACOPF bus dispatch,reference
S1_2025_SUMMER_PEAK_PUBLIC,S4_GSK__current,G,39,LEEDS,935.442568774488,NaN,195.514433299795,195.514433299795,0,0,600,S4 ACOPF bus dispatch,reference
S1_2025_SUMMER_PEAK_PUBLIC,S4_GSK__current,K,9003,EAST GARDEN CITY,1603.17038873812,NaN,482.182422455747,482.182422455747,0,0,600,S4 ACOPF bus dispatch,reference
S1_2025_SUMMER_PEAK_PUBLIC,S4_GSK__perform_rx,F,42,ALBANY,993.746927215201,NaN,635.087276993205,635.087276993205,0,0,1068.003995,S4 ACOPF bus dispatch,reference
S1_2025_SUMMER_PEAK_PUBLIC,S4_GSK__perform_rx,D,47,MOSES W,977.800993437805,NaN,937.740947737805,937.740947737805,0,0,944.920662,S4 ACOPF bus dispatch,reference
S1_2025_SUMMER_PEAK_PUBLIC,S4_GSK__perform_rx,D,48,MOSES E,977.800993437805,NaN,40.0600457,40.0600457,0,0,40.0600457,S4 ACOPF bus dispatch,reference
S1_2025_SUMMER_PEAK_PUBLIC,S4_GSK__perform_rx,C,50,CLAY,2511.2,NaN,1105.24857748821,1105.24857748821,0,0,1105.24857748821,S4 ACOPF bus dispatch,reference
S1_2025_SUMMER_PEAK_PUBLIC,S4_GSK__perform_rx,C,51,CLAY,2511.2,NaN,292.878562141814,292.878562141814,0,0,292.878562141814,S4 ACOPF bus dispatch,reference
S1_2025_SUMMER_PEAK_PUBLIC,S4_GSK__perform_rx,B,53,ROCHESTER,288.8,NaN,288.8,288.8,0,0,288.8,S4 ACOPF bus dispatch,reference
S1_2025_SUMMER_PEAK_PUBLIC,S4_GSK__perform_rx,A,54,NIAGARA W,1292.8,NaN,394.385301787287,394.385301787287,0,0,394.385301787287,S4 ACOPF bus dispatch,reference
S1_2025_SUMMER_PEAK_PUBLIC,S4_GSK__perform_rx,A,55,NIAGARA E,1292.8,NaN,197.192650893643,197.192650893643,0,0,197.192650893643,S4 ACOPF bus dispatch,reference
S1_2025_SUMMER_PEAK_PUBLIC,S4_GSK__perform_rx,A,56,HUNTLEY,1292.8,NaN,495.093851384339,495.093851384339,0,0,495.093851384339,S4 ACOPF bus dispatch,reference
S1_2025_SUMMER_PEAK_PUBLIC,S4_GSK__perform_rx,A,57,HUNTLEY,1292.8,NaN,14.3166985641929,14.3166985641929,0,0,14.3166985641929,S4 ACOPF bus dispatch,reference
S1_2025_SUMMER_PEAK_PUBLIC,S4_GSK__perform_rx,A,60,DUNKIRK,1292.8,NaN,59.5351288283759,59.5351288283759,0,0,59.5351288283759,S4 ACOPF bus dispatch,reference
S1_2025_SUMMER_PEAK_PUBLIC,S4_GSK__perform_rx,A,61,DUNKIRK,1292.8,NaN,132.276368542162,132.276368542162,0,0,132.276368542162,S4 ACOPF bus dispatch,reference
S1_2025_SUMMER_PEAK_PUBLIC,S4_GSK__perform_rx,C,65,GESONIDGE,2511.2,NaN,7.481832143219,7.481832143219,0,0,7.481832143219,S4 ACOPF bus dispatch,reference
S1_2025_SUMMER_PEAK_PUBLIC,S4_GSK__perform_rx,C,68,HILLSIDE,2511.2,NaN,271.054008885173,271.054008885173,0,0,271.054008885173,S4 ACOPF bus dispatch,reference
S1_2025_SUMMER_PEAK_PUBLIC,S4_GSK__perform_rx,C,71,BINGHAMTON,2511.2,NaN,643.677757785503,643.677757785503,0,0,643.677757785503,S4 ACOPF bus dispatch,reference
S1_2025_SUMMER_PEAK_PUBLIC,S4_GSK__perform_rx,C,72,LAPEER,2511.2,NaN,190.859261556085,190.859261556085,0,0,190.859261556085,S4 ACOPF bus dispatch,reference
S1_2025_SUMMER_PEAK_PUBLIC,S4_GSK__perform_rx,I,78,CE UG,0,NaN,0,0,0,0,565.099092,S4 ACOPF bus dispatch,reference
S1_2025_SUMMER_PEAK_PUBLIC,S4_GSK__perform_rx,J,79,RAV A-3,2665.32992322799,NaN,1066.94556909402,1066.94556909402,0,0,1777.453484,S4 ACOPF bus dispatch,reference
S1_2025_SUMMER_PEAK_PUBLIC,S4_GSK__perform_rx,K,80,NORTHPORT,1603.17038873812,NaN,1120.98796628237,1120.98796628237,0,0,1784.929342,S4 ACOPF bus dispatch,reference
S1_2025_SUMMER_PEAK_PUBLIC,S4_GSK__perform_rx,J,82,AK-3,2665.32992322799,NaN,1112.74317846456,1112.74317846456,0,0,1519.623976,S4 ACOPF bus dispatch,reference
S1_2025_SUMMER_PEAK_PUBLIC,S4_GSK__perform_rx,J,81,GOETHALS,2665.32992322799,NaN,485.641175669405,485.641175669405,0,0,900,S4 ACOPF bus dispatch,reference
S1_2025_SUMMER_PEAK_PUBLIC,S4_GSK__perform_rx,E,43,EDIC,0,NaN,0,0,0,0,400,S4 ACOPF bus dispatch,reference
S1_2025_SUMMER_PEAK_PUBLIC,S4_GSK__perform_rx,E,44,PORTER,0,NaN,0,0,0,0,200,S4 ACOPF bus dispatch,reference
S1_2025_SUMMER_PEAK_PUBLIC,S4_GSK__perform_rx,F,38,GILBOA,993.746927215201,NaN,106.951627185816,106.951627185816,0,0,500,S4 ACOPF bus dispatch,reference
S1_2025_SUMMER_PEAK_PUBLIC,S4_GSK__perform_rx,F,41,ROTTERDAM,993.746927215201,NaN,141.157799264905,141.157799264905,0,0,300,S4 ACOPF bus dispatch,reference
S1_2025_SUMMER_PEAK_PUBLIC,S4_GSK__perform_rx,F,37,NEW SEATHED,993.746927215201,NaN,110.550223771275,110.550223771275,0,0,300,S4 ACOPF bus dispatch,reference
S1_2025_SUMMER_PEAK_PUBLIC,S4_GSK__perform_rx,G,73,PLEASANT VLY,935.442568774488,NaN,325.871613985751,325.871613985751,0,0,900,S4 ACOPF bus dispatch,reference
S1_2025_SUMMER_PEAK_PUBLIC,S4_GSK__perform_rx,G,76,RAMAPO,935.442568774488,NaN,414.056521488942,414.056521488942,0,0,700,S4 ACOPF bus dispatch,reference
S1_2025_SUMMER_PEAK_PUBLIC,S4_GSK__perform_rx,G,39,LEEDS,935.442568774488,NaN,195.514433299795,195.514433299795,0,0,600,S4 ACOPF bus dispatch,reference
S1_2025_SUMMER_PEAK_PUBLIC,S4_GSK__perform_rx,K,9003,EAST GARDEN CITY,1603.17038873812,NaN,482.182422455747,482.182422455747,0,0,600,S4 ACOPF bus dispatch,reference
S1_2025_SUMMER_PEAK_PUBLIC,S4_GSK__perform_rxb,F,42,ALBANY,993.746927215201,NaN,635.087276993205,635.087276993205,0,0,1068.003995,S4 ACOPF bus dispatch,reference
S1_2025_SUMMER_PEAK_PUBLIC,S4_GSK__perform_rxb,D,47,MOSES W,977.800993437805,NaN,937.740947737805,937.740947737805,0,0,944.920662,S4 ACOPF bus dispatch,reference
S1_2025_SUMMER_PEAK_PUBLIC,S4_GSK__perform_rxb,D,48,MOSES E,977.800993437805,NaN,40.0600457,40.0600457,0,0,40.0600457,S4 ACOPF bus dispatch,reference
S1_2025_SUMMER_PEAK_PUBLIC,S4_GSK__perform_rxb,C,50,CLAY,2511.2,NaN,1105.24857748821,1105.24857748821,0,0,1105.24857748821,S4 ACOPF bus dispatch,reference
S1_2025_SUMMER_PEAK_PUBLIC,S4_GSK__perform_rxb,C,51,CLAY,2511.2,NaN,292.878562141814,292.878562141814,0,0,292.878562141814,S4 ACOPF bus dispatch,reference
S1_2025_SUMMER_PEAK_PUBLIC,S4_GSK__perform_rxb,B,53,ROCHESTER,288.8,NaN,288.8,288.8,0,0,288.8,S4 ACOPF bus dispatch,reference
S1_2025_SUMMER_PEAK_PUBLIC,S4_GSK__perform_rxb,A,54,NIAGARA W,1292.8,NaN,394.385301787287,394.385301787287,0,0,394.385301787287,S4 ACOPF bus dispatch,reference
S1_2025_SUMMER_PEAK_PUBLIC,S4_GSK__perform_rxb,A,55,NIAGARA E,1292.8,NaN,197.192650893643,197.192650893643,0,0,197.192650893643,S4 ACOPF bus dispatch,reference
S1_2025_SUMMER_PEAK_PUBLIC,S4_GSK__perform_rxb,A,56,HUNTLEY,1292.8,NaN,495.093851384339,495.093851384339,0,0,495.093851384339,S4 ACOPF bus dispatch,reference
S1_2025_SUMMER_PEAK_PUBLIC,S4_GSK__perform_rxb,A,57,HUNTLEY,1292.8,NaN,14.3166985641929,14.3166985641929,0,0,14.3166985641929,S4 ACOPF bus dispatch,reference
S1_2025_SUMMER_PEAK_PUBLIC,S4_GSK__perform_rxb,A,60,DUNKIRK,1292.8,NaN,59.5351288283759,59.5351288283759,0,0,59.5351288283759,S4 ACOPF bus dispatch,reference
S1_2025_SUMMER_PEAK_PUBLIC,S4_GSK__perform_rxb,A,61,DUNKIRK,1292.8,NaN,132.276368542162,132.276368542162,0,0,132.276368542162,S4 ACOPF bus dispatch,reference
S1_2025_SUMMER_PEAK_PUBLIC,S4_GSK__perform_rxb,C,65,GESONIDGE,2511.2,NaN,7.481832143219,7.481832143219,0,0,7.481832143219,S4 ACOPF bus dispatch,reference
S1_2025_SUMMER_PEAK_PUBLIC,S4_GSK__perform_rxb,C,68,HILLSIDE,2511.2,NaN,271.054008885173,271.054008885173,0,0,271.054008885173,S4 ACOPF bus dispatch,reference
S1_2025_SUMMER_PEAK_PUBLIC,S4_GSK__perform_rxb,C,71,BINGHAMTON,2511.2,NaN,643.677757785503,643.677757785503,0,0,643.677757785503,S4 ACOPF bus dispatch,reference
S1_2025_SUMMER_PEAK_PUBLIC,S4_GSK__perform_rxb,C,72,LAPEER,2511.2,NaN,190.859261556085,190.859261556085,0,0,190.859261556085,S4 ACOPF bus dispatch,reference
S1_2025_SUMMER_PEAK_PUBLIC,S4_GSK__perform_rxb,I,78,CE UG,0,NaN,0,0,0,0,565.099092,S4 ACOPF bus dispatch,reference
S1_2025_SUMMER_PEAK_PUBLIC,S4_GSK__perform_rxb,J,79,RAV A-3,2665.32992322799,NaN,1066.94556909402,1066.94556909402,0,0,1777.453484,S4 ACOPF bus dispatch,reference
S1_2025_SUMMER_PEAK_PUBLIC,S4_GSK__perform_rxb,K,80,NORTHPORT,1603.17038873812,NaN,1120.98796628237,1120.98796628237,0,0,1784.929342,S4 ACOPF bus dispatch,reference
S1_2025_SUMMER_PEAK_PUBLIC,S4_GSK__perform_rxb,J,82,AK-3,2665.32992322799,NaN,1112.74317846456,1112.74317846456,0,0,1519.623976,S4 ACOPF bus dispatch,reference
S1_2025_SUMMER_PEAK_PUBLIC,S4_GSK__perform_rxb,J,81,GOETHALS,2665.32992322799,NaN,485.641175669405,485.641175669405,0,0,900,S4 ACOPF bus dispatch,reference
S1_2025_SUMMER_PEAK_PUBLIC,S4_GSK__perform_rxb,E,43,EDIC,0,NaN,0,0,0,0,400,S4 ACOPF bus dispatch,reference
S1_2025_SUMMER_PEAK_PUBLIC,S4_GSK__perform_rxb,E,44,PORTER,0,NaN,0,0,0,0,200,S4 ACOPF bus dispatch,reference
S1_2025_SUMMER_PEAK_PUBLIC,S4_GSK__perform_rxb,F,38,GILBOA,993.746927215201,NaN,106.951627185816,106.951627185816,0,0,500,S4 ACOPF bus dispatch,reference
S1_2025_SUMMER_PEAK_PUBLIC,S4_GSK__perform_rxb,F,41,ROTTERDAM,993.746927215201,NaN,141.157799264905,141.157799264905,0,0,300,S4 ACOPF bus dispatch,reference
S1_2025_SUMMER_PEAK_PUBLIC,S4_GSK__perform_rxb,F,37,NEW SEATHED,993.746927215201,NaN,110.550223771275,110.550223771275,0,0,300,S4 ACOPF bus dispatch,reference
S1_2025_SUMMER_PEAK_PUBLIC,S4_GSK__perform_rxb,G,73,PLEASANT VLY,935.442568774488,NaN,325.871613985751,325.871613985751,0,0,900,S4 ACOPF bus dispatch,reference
S1_2025_SUMMER_PEAK_PUBLIC,S4_GSK__perform_rxb,G,76,RAMAPO,935.442568774488,NaN,414.056521488942,414.056521488942,0,0,700,S4 ACOPF bus dispatch,reference
S1_2025_SUMMER_PEAK_PUBLIC,S4_GSK__perform_rxb,G,39,LEEDS,935.442568774488,NaN,195.514433299795,195.514433299795,0,0,600,S4 ACOPF bus dispatch,reference
S1_2025_SUMMER_PEAK_PUBLIC,S4_GSK__perform_rxb,K,9003,EAST GARDEN CITY,1603.17038873812,NaN,482.182422455747,482.182422455747,0,0,600,S4 ACOPF bus dispatch,reference
S1_2025_SUMMER_PEAK_PUBLIC,PERFORM_GSK__current,F,37,NEW SEATHED,993.746927215201,0.210302229460617,208.987194312994,208.987194312994,0,0,300,Residual Zone-F plants at New Scotland proxy,medium
S1_2025_SUMMER_PEAK_PUBLIC,PERFORM_GSK__current,F,38,GILBOA,993.746927215201,0.28871900454521,286.913623595434,286.913623595434,0,0,500,PERFORM Blenheim-Gilboa plant,high
S1_2025_SUMMER_PEAK_PUBLIC,PERFORM_GSK__current,F,41,ROTTERDAM,993.746927215201,0.099654470089088,99.0313234342903,99.0313234342903,0,0,300,PERFORM Selkirk cluster at Rotterdam proxy,medium
S1_2025_SUMMER_PEAK_PUBLIC,PERFORM_GSK__current,F,42,ALBANY,993.746927215201,0.401324295905085,398.814785872482,398.814785872482,0,0,1068.003995,PERFORM Bethlehem/Empire Capital-region cluster,medium
S1_2025_SUMMER_PEAK_PUBLIC,PERFORM_GSK__current,D,47,MOSES W,977.800993437805,0.959329106258799,938.032953133655,938.032953133655,0,0,944.920662,PERFORM Zone-D total allocated to Moses W/E proxies,low
S1_2025_SUMMER_PEAK_PUBLIC,PERFORM_GSK__current,D,48,MOSES E,977.800993437805,0.0406708937412013,39.7680403041501,39.7680403041501,0,0,40.0600457,PERFORM Zone-D total allocated to Moses W/E proxies,low
S1_2025_SUMMER_PEAK_PUBLIC,PERFORM_GSK__current,C,50,CLAY,2511.2,0.682385315127198,1713.60600334742,1105.24857748821,-608.357425859215,0,1105.24857748821,PERFORM Nine Mile/Fitzpatrick/Independence/Oswego cluster,high
S1_2025_SUMMER_PEAK_PUBLIC,PERFORM_GSK__current,C,51,CLAY,2511.2,0.180824507709693,454.08650376058,292.878562141814,-161.207941618766,0,292.878562141814,PERFORM Nine Mile/Fitzpatrick/Independence/Oswego cluster,high
S1_2025_SUMMER_PEAK_PUBLIC,PERFORM_GSK__current,C,65,GESONIDGE,2511.2,0.024572506913824,61.7064793619949,7.481832143219,-54.2246472187759,0,7.481832143219,PERFORM Greenidge plant,high
S1_2025_SUMMER_PEAK_PUBLIC,PERFORM_GSK__current,C,68,HILLSIDE,2511.2,0.0597090451253934,149.941354118888,271.054008885173,121.112654766285,0,271.054008885173,Residual Zone-C plants allocated to Hillside/Lapeer proxies,medium
S1_2025_SUMMER_PEAK_PUBLIC,PERFORM_GSK__current,C,71,BINGHAMTON,2511.2,0.0104652541081939,26.2803461164964,643.677757785502,617.397411669006,0,643.677757785503,PERFORM Binghamton plant,high
S1_2025_SUMMER_PEAK_PUBLIC,PERFORM_GSK__current,C,72,LAPEER,2511.2,0.0420433710156976,105.57931329462,190.859261556085,85.2799482614649,0,190.859261556085,Residual Zone-C plants allocated to Hillside/Lapeer proxies,medium
S1_2025_SUMMER_PEAK_PUBLIC,PERFORM_GSK__current,B,53,ROCHESTER,288.8,1,288.8,288.8,0,0,288.8,All PERFORM Zone-B generation at retained Rochester proxy,medium
S1_2025_SUMMER_PEAK_PUBLIC,PERFORM_GSK__current,A,54,NIAGARA W,1292.8,0.382185175153705,494.08899443871,394.385301787287,-99.7036926514231,0,394.385301787287,PERFORM Niagara hydro plants,high
S1_2025_SUMMER_PEAK_PUBLIC,PERFORM_GSK__current,A,55,NIAGARA E,1292.8,0.191092587576852,247.044497219355,197.192650893643,-49.8518463257115,0,197.192650893643,PERFORM Niagara hydro plants,high
S1_2025_SUMMER_PEAK_PUBLIC,PERFORM_GSK__current,A,56,HUNTLEY,1292.8,0.3012848165981,389.501010898024,495.093851384339,105.592840486315,0,495.093851384339,Residual Zone-A plants allocated to Huntley/Dunkirk proxies,medium
S1_2025_SUMMER_PEAK_PUBLIC,PERFORM_GSK__current,A,57,HUNTLEY,1292.8,0.00871229543477941,11.2632555380828,14.3166985641929,3.05344302611005,0,14.3166985641929,Residual Zone-A plants allocated to Huntley/Dunkirk proxies,medium
S1_2025_SUMMER_PEAK_PUBLIC,PERFORM_GSK__current,A,60,DUNKIRK,1292.8,0.036229555911566,46.8375698824726,59.5351288283759,12.6975589459033,0,59.5351288283759,Residual Zone-A plants allocated to Huntley/Dunkirk proxies,medium
S1_2025_SUMMER_PEAK_PUBLIC,PERFORM_GSK__current,A,61,DUNKIRK,1292.8,0.0804955693249973,104.064672023357,132.276368542162,28.2116965188055,0,132.276368542162,Residual Zone-A plants allocated to Huntley/Dunkirk proxies,medium
S1_2025_SUMMER_PEAK_PUBLIC,PERFORM_GSK__current,I,78,CE UG,0,1,0,0,0,0,565.099092,PERFORM Zone-I residual at CE UG interface proxy,low
S1_2025_SUMMER_PEAK_PUBLIC,PERFORM_GSK__current,J,79,RAV A-3,2665.32992322799,0.706420369463462,1882.84334910873,1777.453484,-105.389865108734,0,1777.453484,PERFORM Ravenswood/Astoria generation cluster,high
S1_2025_SUMMER_PEAK_PUBLIC,PERFORM_GSK__current,J,81,GOETHALS,2665.32992322799,0.165299657210587,440.578122662707,470.153166043278,29.5750433805711,0,900,Residual Zone-J generation at Goethals/Gowanus proxy,medium
S1_2025_SUMMER_PEAK_PUBLIC,PERFORM_GSK__current,J,82,AK-3,2665.32992322799,0.128279973325951,341.908451456545,417.723273184708,75.8148217281627,0,1519.623976,PERFORM Arthur-Kill/Narrows generation cluster,high
S1_2025_SUMMER_PEAK_PUBLIC,PERFORM_GSK__current,K,80,NORTHPORT,1603.17038873812,0.284679453396702,456.389669967746,1003.17038873812,546.780718770374,0,1784.929342,PERFORM Northport plant,high
S1_2025_SUMMER_PEAK_PUBLIC,PERFORM_GSK__current,K,9003,EAST GARDEN CITY,1603.17038873812,0.715320546603298,1146.78071877037,600,-546.780718770374,0,600,Residual Zone-K plants at East Garden City proxy,medium
S1_2025_SUMMER_PEAK_PUBLIC,PERFORM_GSK__current,E,43,EDIC,0,0.666666666666667,0,0,0,0,400,PERFORM Zone-E total allocated to Edic/Porter equivalents,low
S1_2025_SUMMER_PEAK_PUBLIC,PERFORM_GSK__current,E,44,PORTER,0,0.333333333333333,0,0,0,0,200,PERFORM Zone-E total allocated to Edic/Porter equivalents,low
S1_2025_SUMMER_PEAK_PUBLIC,PERFORM_GSK__current,G,39,LEEDS,935.442568774488,0.408278691528877,381.92126797966,381.92126797966,0,0,600,PERFORM Athens/South-Cairo/West-Coxsackie cluster,medium
S1_2025_SUMMER_PEAK_PUBLIC,PERFORM_GSK__current,G,73,PLEASANT VLY,935.442568774488,0.358300196665811,335.16925636147,335.16925636147,0,0,900,PERFORM Roseton/CPV-Valley cluster,medium
S1_2025_SUMMER_PEAK_PUBLIC,PERFORM_GSK__current,G,76,RAMAPO,935.442568774488,0.233421111805312,218.352044433358,218.352044433358,0,0,700,Residual Zone-G plants at Ramapo proxy,medium
S1_2025_SUMMER_PEAK_PUBLIC,PERFORM_GSK__perform_rx,F,37,NEW SEATHED,993.746927215201,0.210302229460617,208.987194312994,208.987194312994,0,0,300,Residual Zone-F plants at New Scotland proxy,medium
S1_2025_SUMMER_PEAK_PUBLIC,PERFORM_GSK__perform_rx,F,38,GILBOA,993.746927215201,0.28871900454521,286.913623595434,286.913623595434,0,0,500,PERFORM Blenheim-Gilboa plant,high
S1_2025_SUMMER_PEAK_PUBLIC,PERFORM_GSK__perform_rx,F,41,ROTTERDAM,993.746927215201,0.099654470089088,99.0313234342903,99.0313234342903,0,0,300,PERFORM Selkirk cluster at Rotterdam proxy,medium
S1_2025_SUMMER_PEAK_PUBLIC,PERFORM_GSK__perform_rx,F,42,ALBANY,993.746927215201,0.401324295905085,398.814785872482,398.814785872482,0,0,1068.003995,PERFORM Bethlehem/Empire Capital-region cluster,medium
S1_2025_SUMMER_PEAK_PUBLIC,PERFORM_GSK__perform_rx,D,47,MOSES W,977.800993437805,0.959329106258799,938.032953133655,938.032953133655,0,0,944.920662,PERFORM Zone-D total allocated to Moses W/E proxies,low
S1_2025_SUMMER_PEAK_PUBLIC,PERFORM_GSK__perform_rx,D,48,MOSES E,977.800993437805,0.0406708937412013,39.7680403041501,39.7680403041501,0,0,40.0600457,PERFORM Zone-D total allocated to Moses W/E proxies,low
S1_2025_SUMMER_PEAK_PUBLIC,PERFORM_GSK__perform_rx,C,50,CLAY,2511.2,0.682385315127198,1713.60600334742,1105.24857748821,-608.357425859215,0,1105.24857748821,PERFORM Nine Mile/Fitzpatrick/Independence/Oswego cluster,high
S1_2025_SUMMER_PEAK_PUBLIC,PERFORM_GSK__perform_rx,C,51,CLAY,2511.2,0.180824507709693,454.08650376058,292.878562141814,-161.207941618766,0,292.878562141814,PERFORM Nine Mile/Fitzpatrick/Independence/Oswego cluster,high
S1_2025_SUMMER_PEAK_PUBLIC,PERFORM_GSK__perform_rx,C,65,GESONIDGE,2511.2,0.024572506913824,61.7064793619949,7.481832143219,-54.2246472187759,0,7.481832143219,PERFORM Greenidge plant,high
S1_2025_SUMMER_PEAK_PUBLIC,PERFORM_GSK__perform_rx,C,68,HILLSIDE,2511.2,0.0597090451253934,149.941354118888,271.054008885173,121.112654766285,0,271.054008885173,Residual Zone-C plants allocated to Hillside/Lapeer proxies,medium
S1_2025_SUMMER_PEAK_PUBLIC,PERFORM_GSK__perform_rx,C,71,BINGHAMTON,2511.2,0.0104652541081939,26.2803461164964,643.677757785502,617.397411669006,0,643.677757785503,PERFORM Binghamton plant,high
S1_2025_SUMMER_PEAK_PUBLIC,PERFORM_GSK__perform_rx,C,72,LAPEER,2511.2,0.0420433710156976,105.57931329462,190.859261556085,85.2799482614649,0,190.859261556085,Residual Zone-C plants allocated to Hillside/Lapeer proxies,medium
S1_2025_SUMMER_PEAK_PUBLIC,PERFORM_GSK__perform_rx,B,53,ROCHESTER,288.8,1,288.8,288.8,0,0,288.8,All PERFORM Zone-B generation at retained Rochester proxy,medium
S1_2025_SUMMER_PEAK_PUBLIC,PERFORM_GSK__perform_rx,A,54,NIAGARA W,1292.8,0.382185175153705,494.08899443871,394.385301787287,-99.7036926514231,0,394.385301787287,PERFORM Niagara hydro plants,high
S1_2025_SUMMER_PEAK_PUBLIC,PERFORM_GSK__perform_rx,A,55,NIAGARA E,1292.8,0.191092587576852,247.044497219355,197.192650893643,-49.8518463257115,0,197.192650893643,PERFORM Niagara hydro plants,high
S1_2025_SUMMER_PEAK_PUBLIC,PERFORM_GSK__perform_rx,A,56,HUNTLEY,1292.8,0.3012848165981,389.501010898024,495.093851384339,105.592840486315,0,495.093851384339,Residual Zone-A plants allocated to Huntley/Dunkirk proxies,medium
S1_2025_SUMMER_PEAK_PUBLIC,PERFORM_GSK__perform_rx,A,57,HUNTLEY,1292.8,0.00871229543477941,11.2632555380828,14.3166985641929,3.05344302611005,0,14.3166985641929,Residual Zone-A plants allocated to Huntley/Dunkirk proxies,medium
S1_2025_SUMMER_PEAK_PUBLIC,PERFORM_GSK__perform_rx,A,60,DUNKIRK,1292.8,0.036229555911566,46.8375698824726,59.5351288283759,12.6975589459033,0,59.5351288283759,Residual Zone-A plants allocated to Huntley/Dunkirk proxies,medium
S1_2025_SUMMER_PEAK_PUBLIC,PERFORM_GSK__perform_rx,A,61,DUNKIRK,1292.8,0.0804955693249973,104.064672023357,132.276368542162,28.2116965188055,0,132.276368542162,Residual Zone-A plants allocated to Huntley/Dunkirk proxies,medium
S1_2025_SUMMER_PEAK_PUBLIC,PERFORM_GSK__perform_rx,I,78,CE UG,0,1,0,0,0,0,565.099092,PERFORM Zone-I residual at CE UG interface proxy,low
S1_2025_SUMMER_PEAK_PUBLIC,PERFORM_GSK__perform_rx,J,79,RAV A-3,2665.32992322799,0.706420369463462,1882.84334910873,1777.453484,-105.389865108734,0,1777.453484,PERFORM Ravenswood/Astoria generation cluster,high
S1_2025_SUMMER_PEAK_PUBLIC,PERFORM_GSK__perform_rx,J,81,GOETHALS,2665.32992322799,0.165299657210587,440.578122662707,470.153166043278,29.5750433805711,0,900,Residual Zone-J generation at Goethals/Gowanus proxy,medium
S1_2025_SUMMER_PEAK_PUBLIC,PERFORM_GSK__perform_rx,J,82,AK-3,2665.32992322799,0.128279973325951,341.908451456545,417.723273184708,75.8148217281627,0,1519.623976,PERFORM Arthur-Kill/Narrows generation cluster,high
S1_2025_SUMMER_PEAK_PUBLIC,PERFORM_GSK__perform_rx,K,80,NORTHPORT,1603.17038873812,0.284679453396702,456.389669967746,1003.17038873812,546.780718770374,0,1784.929342,PERFORM Northport plant,high
S1_2025_SUMMER_PEAK_PUBLIC,PERFORM_GSK__perform_rx,K,9003,EAST GARDEN CITY,1603.17038873812,0.715320546603298,1146.78071877037,600,-546.780718770374,0,600,Residual Zone-K plants at East Garden City proxy,medium
S1_2025_SUMMER_PEAK_PUBLIC,PERFORM_GSK__perform_rx,E,43,EDIC,0,0.666666666666667,0,0,0,0,400,PERFORM Zone-E total allocated to Edic/Porter equivalents,low
S1_2025_SUMMER_PEAK_PUBLIC,PERFORM_GSK__perform_rx,E,44,PORTER,0,0.333333333333333,0,0,0,0,200,PERFORM Zone-E total allocated to Edic/Porter equivalents,low
S1_2025_SUMMER_PEAK_PUBLIC,PERFORM_GSK__perform_rx,G,39,LEEDS,935.442568774488,0.408278691528877,381.92126797966,381.92126797966,0,0,600,PERFORM Athens/South-Cairo/West-Coxsackie cluster,medium
S1_2025_SUMMER_PEAK_PUBLIC,PERFORM_GSK__perform_rx,G,73,PLEASANT VLY,935.442568774488,0.358300196665811,335.16925636147,335.16925636147,0,0,900,PERFORM Roseton/CPV-Valley cluster,medium
S1_2025_SUMMER_PEAK_PUBLIC,PERFORM_GSK__perform_rx,G,76,RAMAPO,935.442568774488,0.233421111805312,218.352044433358,218.352044433358,0,0,700,Residual Zone-G plants at Ramapo proxy,medium
S1_2025_SUMMER_PEAK_PUBLIC,PERFORM_GSK__perform_rxb,F,37,NEW SEATHED,993.746927215201,0.210302229460617,208.987194312994,208.987194312994,0,0,300,Residual Zone-F plants at New Scotland proxy,medium
S1_2025_SUMMER_PEAK_PUBLIC,PERFORM_GSK__perform_rxb,F,38,GILBOA,993.746927215201,0.28871900454521,286.913623595434,286.913623595434,0,0,500,PERFORM Blenheim-Gilboa plant,high
S1_2025_SUMMER_PEAK_PUBLIC,PERFORM_GSK__perform_rxb,F,41,ROTTERDAM,993.746927215201,0.099654470089088,99.0313234342903,99.0313234342903,0,0,300,PERFORM Selkirk cluster at Rotterdam proxy,medium
S1_2025_SUMMER_PEAK_PUBLIC,PERFORM_GSK__perform_rxb,F,42,ALBANY,993.746927215201,0.401324295905085,398.814785872482,398.814785872482,0,0,1068.003995,PERFORM Bethlehem/Empire Capital-region cluster,medium
S1_2025_SUMMER_PEAK_PUBLIC,PERFORM_GSK__perform_rxb,D,47,MOSES W,977.800993437805,0.959329106258799,938.032953133655,938.032953133655,0,0,944.920662,PERFORM Zone-D total allocated to Moses W/E proxies,low
S1_2025_SUMMER_PEAK_PUBLIC,PERFORM_GSK__perform_rxb,D,48,MOSES E,977.800993437805,0.0406708937412013,39.7680403041501,39.7680403041501,0,0,40.0600457,PERFORM Zone-D total allocated to Moses W/E proxies,low
S1_2025_SUMMER_PEAK_PUBLIC,PERFORM_GSK__perform_rxb,C,50,CLAY,2511.2,0.682385315127198,1713.60600334742,1105.24857748821,-608.357425859215,0,1105.24857748821,PERFORM Nine Mile/Fitzpatrick/Independence/Oswego cluster,high
S1_2025_SUMMER_PEAK_PUBLIC,PERFORM_GSK__perform_rxb,C,51,CLAY,2511.2,0.180824507709693,454.08650376058,292.878562141814,-161.207941618766,0,292.878562141814,PERFORM Nine Mile/Fitzpatrick/Independence/Oswego cluster,high
S1_2025_SUMMER_PEAK_PUBLIC,PERFORM_GSK__perform_rxb,C,65,GESONIDGE,2511.2,0.024572506913824,61.7064793619949,7.481832143219,-54.2246472187759,0,7.481832143219,PERFORM Greenidge plant,high
S1_2025_SUMMER_PEAK_PUBLIC,PERFORM_GSK__perform_rxb,C,68,HILLSIDE,2511.2,0.0597090451253934,149.941354118888,271.054008885173,121.112654766285,0,271.054008885173,Residual Zone-C plants allocated to Hillside/Lapeer proxies,medium
S1_2025_SUMMER_PEAK_PUBLIC,PERFORM_GSK__perform_rxb,C,71,BINGHAMTON,2511.2,0.0104652541081939,26.2803461164964,643.677757785502,617.397411669006,0,643.677757785503,PERFORM Binghamton plant,high
S1_2025_SUMMER_PEAK_PUBLIC,PERFORM_GSK__perform_rxb,C,72,LAPEER,2511.2,0.0420433710156976,105.57931329462,190.859261556085,85.2799482614649,0,190.859261556085,Residual Zone-C plants allocated to Hillside/Lapeer proxies,medium
S1_2025_SUMMER_PEAK_PUBLIC,PERFORM_GSK__perform_rxb,B,53,ROCHESTER,288.8,1,288.8,288.8,0,0,288.8,All PERFORM Zone-B generation at retained Rochester proxy,medium
S1_2025_SUMMER_PEAK_PUBLIC,PERFORM_GSK__perform_rxb,A,54,NIAGARA W,1292.8,0.382185175153705,494.08899443871,394.385301787287,-99.7036926514231,0,394.385301787287,PERFORM Niagara hydro plants,high
S1_2025_SUMMER_PEAK_PUBLIC,PERFORM_GSK__perform_rxb,A,55,NIAGARA E,1292.8,0.191092587576852,247.044497219355,197.192650893643,-49.8518463257115,0,197.192650893643,PERFORM Niagara hydro plants,high
S1_2025_SUMMER_PEAK_PUBLIC,PERFORM_GSK__perform_rxb,A,56,HUNTLEY,1292.8,0.3012848165981,389.501010898024,495.093851384339,105.592840486315,0,495.093851384339,Residual Zone-A plants allocated to Huntley/Dunkirk proxies,medium
S1_2025_SUMMER_PEAK_PUBLIC,PERFORM_GSK__perform_rxb,A,57,HUNTLEY,1292.8,0.00871229543477941,11.2632555380828,14.3166985641929,3.05344302611005,0,14.3166985641929,Residual Zone-A plants allocated to Huntley/Dunkirk proxies,medium
S1_2025_SUMMER_PEAK_PUBLIC,PERFORM_GSK__perform_rxb,A,60,DUNKIRK,1292.8,0.036229555911566,46.8375698824726,59.5351288283759,12.6975589459033,0,59.5351288283759,Residual Zone-A plants allocated to Huntley/Dunkirk proxies,medium
S1_2025_SUMMER_PEAK_PUBLIC,PERFORM_GSK__perform_rxb,A,61,DUNKIRK,1292.8,0.0804955693249973,104.064672023357,132.276368542162,28.2116965188055,0,132.276368542162,Residual Zone-A plants allocated to Huntley/Dunkirk proxies,medium
S1_2025_SUMMER_PEAK_PUBLIC,PERFORM_GSK__perform_rxb,I,78,CE UG,0,1,0,0,0,0,565.099092,PERFORM Zone-I residual at CE UG interface proxy,low
S1_2025_SUMMER_PEAK_PUBLIC,PERFORM_GSK__perform_rxb,J,79,RAV A-3,2665.32992322799,0.706420369463462,1882.84334910873,1777.453484,-105.389865108734,0,1777.453484,PERFORM Ravenswood/Astoria generation cluster,high
S1_2025_SUMMER_PEAK_PUBLIC,PERFORM_GSK__perform_rxb,J,81,GOETHALS,2665.32992322799,0.165299657210587,440.578122662707,470.153166043278,29.5750433805711,0,900,Residual Zone-J generation at Goethals/Gowanus proxy,medium
S1_2025_SUMMER_PEAK_PUBLIC,PERFORM_GSK__perform_rxb,J,82,AK-3,2665.32992322799,0.128279973325951,341.908451456545,417.723273184708,75.8148217281627,0,1519.623976,PERFORM Arthur-Kill/Narrows generation cluster,high
S1_2025_SUMMER_PEAK_PUBLIC,PERFORM_GSK__perform_rxb,K,80,NORTHPORT,1603.17038873812,0.284679453396702,456.389669967746,1003.17038873812,546.780718770374,0,1784.929342,PERFORM Northport plant,high
S1_2025_SUMMER_PEAK_PUBLIC,PERFORM_GSK__perform_rxb,K,9003,EAST GARDEN CITY,1603.17038873812,0.715320546603298,1146.78071877037,600,-546.780718770374,0,600,Residual Zone-K plants at East Garden City proxy,medium
S1_2025_SUMMER_PEAK_PUBLIC,PERFORM_GSK__perform_rxb,E,43,EDIC,0,0.666666666666667,0,0,0,0,400,PERFORM Zone-E total allocated to Edic/Porter equivalents,low
S1_2025_SUMMER_PEAK_PUBLIC,PERFORM_GSK__perform_rxb,E,44,PORTER,0,0.333333333333333,0,0,0,0,200,PERFORM Zone-E total allocated to Edic/Porter equivalents,low
S1_2025_SUMMER_PEAK_PUBLIC,PERFORM_GSK__perform_rxb,G,39,LEEDS,935.442568774488,0.408278691528877,381.92126797966,381.92126797966,0,0,600,PERFORM Athens/South-Cairo/West-Coxsackie cluster,medium
S1_2025_SUMMER_PEAK_PUBLIC,PERFORM_GSK__perform_rxb,G,73,PLEASANT VLY,935.442568774488,0.358300196665811,335.16925636147,335.16925636147,0,0,900,PERFORM Roseton/CPV-Valley cluster,medium
S1_2025_SUMMER_PEAK_PUBLIC,PERFORM_GSK__perform_rxb,G,76,RAMAPO,935.442568774488,0.233421111805312,218.352044433358,218.352044433358,0,0,700,Residual Zone-G plants at Ramapo proxy,medium
S1_2025_SUMMER_PEAK_PUBLIC,PERFORM_CAP_GSK__current,F,37,NEW SEATHED,993.746927215201,0.210302229460617,208.987194312994,208.987194312994,0,0,455.936073628024,Residual Zone-F plants at New Scotland proxy,medium
S1_2025_SUMMER_PEAK_PUBLIC,PERFORM_CAP_GSK__current,F,38,GILBOA,993.746927215201,0.28871900454521,286.913623595434,286.913623595434,0,0,625.943955286439,PERFORM Blenheim-Gilboa plant,high
S1_2025_SUMMER_PEAK_PUBLIC,PERFORM_CAP_GSK__current,F,41,ROTTERDAM,993.746927215201,0.099654470089088,99.0313234342903,99.0313234342903,0,0,216.051289272751,PERFORM Selkirk cluster at Rotterdam proxy,medium
S1_2025_SUMMER_PEAK_PUBLIC,PERFORM_CAP_GSK__current,F,42,ALBANY,993.746927215201,0.401324295905085,398.814785872482,398.814785872482,0,0,870.072676812786,PERFORM Bethlehem/Empire Capital-region cluster,medium
S1_2025_SUMMER_PEAK_PUBLIC,PERFORM_CAP_GSK__current,D,47,MOSES W,977.800993437805,0.959329106258799,938.032953133655,938.032953133655,0,0,944.920662,PERFORM Zone-D total allocated to Moses W/E proxies,low
S1_2025_SUMMER_PEAK_PUBLIC,PERFORM_CAP_GSK__current,D,48,MOSES E,977.800993437805,0.0406708937412013,39.7680403041501,39.7680403041501,0,0,40.0600457,PERFORM Zone-D total allocated to Moses W/E proxies,low
S1_2025_SUMMER_PEAK_PUBLIC,PERFORM_CAP_GSK__current,C,50,CLAY,2511.2,0.682385315127198,1713.60600334742,1713.60600334742,0,0,1713.60600334742,PERFORM Nine Mile/Fitzpatrick/Independence/Oswego cluster,high
S1_2025_SUMMER_PEAK_PUBLIC,PERFORM_CAP_GSK__current,C,51,CLAY,2511.2,0.180824507709693,454.08650376058,454.08650376058,0,0,454.08650376058,PERFORM Nine Mile/Fitzpatrick/Independence/Oswego cluster,high
S1_2025_SUMMER_PEAK_PUBLIC,PERFORM_CAP_GSK__current,C,65,GESONIDGE,2511.2,0.024572506913824,61.7064793619949,61.7064793619949,0,0,61.7064793619949,PERFORM Greenidge plant,high
S1_2025_SUMMER_PEAK_PUBLIC,PERFORM_CAP_GSK__current,C,68,HILLSIDE,2511.2,0.0597090451253934,149.941354118888,149.941354118888,0,0,149.941354118888,Residual Zone-C plants allocated to Hillside/Lapeer proxies,medium
S1_2025_SUMMER_PEAK_PUBLIC,PERFORM_CAP_GSK__current,C,71,BINGHAMTON,2511.2,0.0104652541081939,26.2803461164964,26.2803461164964,0,0,26.2803461164964,PERFORM Binghamton plant,high
S1_2025_SUMMER_PEAK_PUBLIC,PERFORM_CAP_GSK__current,C,72,LAPEER,2511.2,0.0420433710156976,105.57931329462,105.57931329462,0,0,105.57931329462,Residual Zone-C plants allocated to Hillside/Lapeer proxies,medium
S1_2025_SUMMER_PEAK_PUBLIC,PERFORM_CAP_GSK__current,B,53,ROCHESTER,288.8,1,288.8,288.8,0,0,288.8,All PERFORM Zone-B generation at retained Rochester proxy,medium
S1_2025_SUMMER_PEAK_PUBLIC,PERFORM_CAP_GSK__current,A,54,NIAGARA W,1292.8,0.382185175153705,494.08899443871,494.08899443871,-5.6843418860808e-14,0,494.08899443871,PERFORM Niagara hydro plants,high
S1_2025_SUMMER_PEAK_PUBLIC,PERFORM_CAP_GSK__current,A,55,NIAGARA E,1292.8,0.191092587576852,247.044497219355,247.044497219355,-2.8421709430404e-14,0,247.044497219355,PERFORM Niagara hydro plants,high
S1_2025_SUMMER_PEAK_PUBLIC,PERFORM_CAP_GSK__current,A,56,HUNTLEY,1292.8,0.3012848165981,389.501010898024,389.501010898024,-5.6843418860808e-14,0,389.501010898024,Residual Zone-A plants allocated to Huntley/Dunkirk proxies,medium
S1_2025_SUMMER_PEAK_PUBLIC,PERFORM_CAP_GSK__current,A,57,HUNTLEY,1292.8,0.00871229543477941,11.2632555380828,11.2632555380828,-1.77635683940025e-15,0,11.2632555380828,Residual Zone-A plants allocated to Huntley/Dunkirk proxies,medium
S1_2025_SUMMER_PEAK_PUBLIC,PERFORM_CAP_GSK__current,A,60,DUNKIRK,1292.8,0.036229555911566,46.8375698824726,46.8375698824726,-7.105427357601e-15,0,46.8375698824726,Residual Zone-A plants allocated to Huntley/Dunkirk proxies,medium
S1_2025_SUMMER_PEAK_PUBLIC,PERFORM_CAP_GSK__current,A,61,DUNKIRK,1292.8,0.0804955693249973,104.064672023357,104.064672023357,-1.4210854715202e-14,0,104.064672023357,Residual Zone-A plants allocated to Huntley/Dunkirk proxies,medium
S1_2025_SUMMER_PEAK_PUBLIC,PERFORM_CAP_GSK__current,I,78,CE UG,0,1,0,0,0,0,565.099092,PERFORM Zone-I residual at CE UG interface proxy,low
S1_2025_SUMMER_PEAK_PUBLIC,PERFORM_CAP_GSK__current,J,79,RAV A-3,2665.32992322799,0.706420369463462,1882.84334910873,1882.84334910873,0,0,2964.90100995997,PERFORM Ravenswood/Astoria generation cluster,high
S1_2025_SUMMER_PEAK_PUBLIC,PERFORM_CAP_GSK__current,J,81,GOETHALS,2665.32992322799,0.165299657210587,440.578122662707,440.578122662707,0,0,693.775465424283,Residual Zone-J generation at Goethals/Gowanus proxy,medium
S1_2025_SUMMER_PEAK_PUBLIC,PERFORM_CAP_GSK__current,J,82,AK-3,2665.32992322799,0.128279973325951,341.908451456545,341.908451456545,0,0,538.40098461575,PERFORM Arthur-Kill/Narrows generation cluster,high
S1_2025_SUMMER_PEAK_PUBLIC,PERFORM_CAP_GSK__current,K,80,NORTHPORT,1603.17038873812,0.284679453396702,456.389669967746,456.389669967746,0,0,678.940381470316,PERFORM Northport plant,high
S1_2025_SUMMER_PEAK_PUBLIC,PERFORM_CAP_GSK__current,K,9003,EAST GARDEN CITY,1603.17038873812,0.715320546603298,1146.78071877037,1146.78071877037,0,0,1705.98896052968,Residual Zone-K plants at East Garden City proxy,medium
S1_2025_SUMMER_PEAK_PUBLIC,PERFORM_CAP_GSK__current,E,43,EDIC,0,0.666666666666667,0,0,0,0,400,PERFORM Zone-E total allocated to Edic/Porter equivalents,low
S1_2025_SUMMER_PEAK_PUBLIC,PERFORM_CAP_GSK__current,E,44,PORTER,0,0.333333333333333,0,0,0,0,200,PERFORM Zone-E total allocated to Edic/Porter equivalents,low
S1_2025_SUMMER_PEAK_PUBLIC,PERFORM_CAP_GSK__current,G,39,LEEDS,935.442568774488,0.408278691528877,381.92126797966,381.92126797966,0,0,898.21312136353,PERFORM Athens/South-Cairo/West-Coxsackie cluster,medium
S1_2025_SUMMER_PEAK_PUBLIC,PERFORM_CAP_GSK__current,G,73,PLEASANT VLY,935.442568774488,0.358300196665811,335.16925636147,335.16925636147,0,0,788.260432664784,PERFORM Roseton/CPV-Valley cluster,medium
S1_2025_SUMMER_PEAK_PUBLIC,PERFORM_CAP_GSK__current,G,76,RAMAPO,935.442568774488,0.233421111805312,218.352044433358,218.352044433358,0,0,513.526445971687,Residual Zone-G plants at Ramapo proxy,medium
S1_2025_SUMMER_PEAK_PUBLIC,PERFORM_CAP_GSK__perform_rx,F,37,NEW SEATHED,993.746927215201,0.210302229460617,208.987194312994,208.987194312994,0,0,455.936073628024,Residual Zone-F plants at New Scotland proxy,medium
S1_2025_SUMMER_PEAK_PUBLIC,PERFORM_CAP_GSK__perform_rx,F,38,GILBOA,993.746927215201,0.28871900454521,286.913623595434,286.913623595434,0,0,625.943955286439,PERFORM Blenheim-Gilboa plant,high
S1_2025_SUMMER_PEAK_PUBLIC,PERFORM_CAP_GSK__perform_rx,F,41,ROTTERDAM,993.746927215201,0.099654470089088,99.0313234342903,99.0313234342903,0,0,216.051289272751,PERFORM Selkirk cluster at Rotterdam proxy,medium
S1_2025_SUMMER_PEAK_PUBLIC,PERFORM_CAP_GSK__perform_rx,F,42,ALBANY,993.746927215201,0.401324295905085,398.814785872482,398.814785872482,0,0,870.072676812786,PERFORM Bethlehem/Empire Capital-region cluster,medium
S1_2025_SUMMER_PEAK_PUBLIC,PERFORM_CAP_GSK__perform_rx,D,47,MOSES W,977.800993437805,0.959329106258799,938.032953133655,938.032953133655,0,0,944.920662,PERFORM Zone-D total allocated to Moses W/E proxies,low
S1_2025_SUMMER_PEAK_PUBLIC,PERFORM_CAP_GSK__perform_rx,D,48,MOSES E,977.800993437805,0.0406708937412013,39.7680403041501,39.7680403041501,0,0,40.0600457,PERFORM Zone-D total allocated to Moses W/E proxies,low
S1_2025_SUMMER_PEAK_PUBLIC,PERFORM_CAP_GSK__perform_rx,C,50,CLAY,2511.2,0.682385315127198,1713.60600334742,1713.60600334742,0,0,1713.60600334742,PERFORM Nine Mile/Fitzpatrick/Independence/Oswego cluster,high
S1_2025_SUMMER_PEAK_PUBLIC,PERFORM_CAP_GSK__perform_rx,C,51,CLAY,2511.2,0.180824507709693,454.08650376058,454.08650376058,0,0,454.08650376058,PERFORM Nine Mile/Fitzpatrick/Independence/Oswego cluster,high
S1_2025_SUMMER_PEAK_PUBLIC,PERFORM_CAP_GSK__perform_rx,C,65,GESONIDGE,2511.2,0.024572506913824,61.7064793619949,61.7064793619949,0,0,61.7064793619949,PERFORM Greenidge plant,high
S1_2025_SUMMER_PEAK_PUBLIC,PERFORM_CAP_GSK__perform_rx,C,68,HILLSIDE,2511.2,0.0597090451253934,149.941354118888,149.941354118888,0,0,149.941354118888,Residual Zone-C plants allocated to Hillside/Lapeer proxies,medium
S1_2025_SUMMER_PEAK_PUBLIC,PERFORM_CAP_GSK__perform_rx,C,71,BINGHAMTON,2511.2,0.0104652541081939,26.2803461164964,26.2803461164964,0,0,26.2803461164964,PERFORM Binghamton plant,high
S1_2025_SUMMER_PEAK_PUBLIC,PERFORM_CAP_GSK__perform_rx,C,72,LAPEER,2511.2,0.0420433710156976,105.57931329462,105.57931329462,0,0,105.57931329462,Residual Zone-C plants allocated to Hillside/Lapeer proxies,medium
S1_2025_SUMMER_PEAK_PUBLIC,PERFORM_CAP_GSK__perform_rx,B,53,ROCHESTER,288.8,1,288.8,288.8,0,0,288.8,All PERFORM Zone-B generation at retained Rochester proxy,medium
S1_2025_SUMMER_PEAK_PUBLIC,PERFORM_CAP_GSK__perform_rx,A,54,NIAGARA W,1292.8,0.382185175153705,494.08899443871,494.08899443871,-5.6843418860808e-14,0,494.08899443871,PERFORM Niagara hydro plants,high
S1_2025_SUMMER_PEAK_PUBLIC,PERFORM_CAP_GSK__perform_rx,A,55,NIAGARA E,1292.8,0.191092587576852,247.044497219355,247.044497219355,-2.8421709430404e-14,0,247.044497219355,PERFORM Niagara hydro plants,high
S1_2025_SUMMER_PEAK_PUBLIC,PERFORM_CAP_GSK__perform_rx,A,56,HUNTLEY,1292.8,0.3012848165981,389.501010898024,389.501010898024,-5.6843418860808e-14,0,389.501010898024,Residual Zone-A plants allocated to Huntley/Dunkirk proxies,medium
S1_2025_SUMMER_PEAK_PUBLIC,PERFORM_CAP_GSK__perform_rx,A,57,HUNTLEY,1292.8,0.00871229543477941,11.2632555380828,11.2632555380828,-1.77635683940025e-15,0,11.2632555380828,Residual Zone-A plants allocated to Huntley/Dunkirk proxies,medium
S1_2025_SUMMER_PEAK_PUBLIC,PERFORM_CAP_GSK__perform_rx,A,60,DUNKIRK,1292.8,0.036229555911566,46.8375698824726,46.8375698824726,-7.105427357601e-15,0,46.8375698824726,Residual Zone-A plants allocated to Huntley/Dunkirk proxies,medium
S1_2025_SUMMER_PEAK_PUBLIC,PERFORM_CAP_GSK__perform_rx,A,61,DUNKIRK,1292.8,0.0804955693249973,104.064672023357,104.064672023357,-1.4210854715202e-14,0,104.064672023357,Residual Zone-A plants allocated to Huntley/Dunkirk proxies,medium
S1_2025_SUMMER_PEAK_PUBLIC,PERFORM_CAP_GSK__perform_rx,I,78,CE UG,0,1,0,0,0,0,565.099092,PERFORM Zone-I residual at CE UG interface proxy,low
S1_2025_SUMMER_PEAK_PUBLIC,PERFORM_CAP_GSK__perform_rx,J,79,RAV A-3,2665.32992322799,0.706420369463462,1882.84334910873,1882.84334910873,0,0,2964.90100995997,PERFORM Ravenswood/Astoria generation cluster,high
S1_2025_SUMMER_PEAK_PUBLIC,PERFORM_CAP_GSK__perform_rx,J,81,GOETHALS,2665.32992322799,0.165299657210587,440.578122662707,440.578122662707,0,0,693.775465424283,Residual Zone-J generation at Goethals/Gowanus proxy,medium
S1_2025_SUMMER_PEAK_PUBLIC,PERFORM_CAP_GSK__perform_rx,J,82,AK-3,2665.32992322799,0.128279973325951,341.908451456545,341.908451456545,0,0,538.40098461575,PERFORM Arthur-Kill/Narrows generation cluster,high
S1_2025_SUMMER_PEAK_PUBLIC,PERFORM_CAP_GSK__perform_rx,K,80,NORTHPORT,1603.17038873812,0.284679453396702,456.389669967746,456.389669967746,0,0,678.940381470316,PERFORM Northport plant,high
S1_2025_SUMMER_PEAK_PUBLIC,PERFORM_CAP_GSK__perform_rx,K,9003,EAST GARDEN CITY,1603.17038873812,0.715320546603298,1146.78071877037,1146.78071877037,0,0,1705.98896052968,Residual Zone-K plants at East Garden City proxy,medium
S1_2025_SUMMER_PEAK_PUBLIC,PERFORM_CAP_GSK__perform_rx,E,43,EDIC,0,0.666666666666667,0,0,0,0,400,PERFORM Zone-E total allocated to Edic/Porter equivalents,low
S1_2025_SUMMER_PEAK_PUBLIC,PERFORM_CAP_GSK__perform_rx,E,44,PORTER,0,0.333333333333333,0,0,0,0,200,PERFORM Zone-E total allocated to Edic/Porter equivalents,low
S1_2025_SUMMER_PEAK_PUBLIC,PERFORM_CAP_GSK__perform_rx,G,39,LEEDS,935.442568774488,0.408278691528877,381.92126797966,381.92126797966,0,0,898.21312136353,PERFORM Athens/South-Cairo/West-Coxsackie cluster,medium
S1_2025_SUMMER_PEAK_PUBLIC,PERFORM_CAP_GSK__perform_rx,G,73,PLEASANT VLY,935.442568774488,0.358300196665811,335.16925636147,335.16925636147,0,0,788.260432664784,PERFORM Roseton/CPV-Valley cluster,medium
S1_2025_SUMMER_PEAK_PUBLIC,PERFORM_CAP_GSK__perform_rx,G,76,RAMAPO,935.442568774488,0.233421111805312,218.352044433358,218.352044433358,0,0,513.526445971687,Residual Zone-G plants at Ramapo proxy,medium
S1_2025_SUMMER_PEAK_PUBLIC,PERFORM_CAP_GSK__perform_rxb,F,37,NEW SEATHED,993.746927215201,0.210302229460617,208.987194312994,208.987194312994,0,0,455.936073628024,Residual Zone-F plants at New Scotland proxy,medium
S1_2025_SUMMER_PEAK_PUBLIC,PERFORM_CAP_GSK__perform_rxb,F,38,GILBOA,993.746927215201,0.28871900454521,286.913623595434,286.913623595434,0,0,625.943955286439,PERFORM Blenheim-Gilboa plant,high
S1_2025_SUMMER_PEAK_PUBLIC,PERFORM_CAP_GSK__perform_rxb,F,41,ROTTERDAM,993.746927215201,0.099654470089088,99.0313234342903,99.0313234342903,0,0,216.051289272751,PERFORM Selkirk cluster at Rotterdam proxy,medium
S1_2025_SUMMER_PEAK_PUBLIC,PERFORM_CAP_GSK__perform_rxb,F,42,ALBANY,993.746927215201,0.401324295905085,398.814785872482,398.814785872482,0,0,870.072676812786,PERFORM Bethlehem/Empire Capital-region cluster,medium
S1_2025_SUMMER_PEAK_PUBLIC,PERFORM_CAP_GSK__perform_rxb,D,47,MOSES W,977.800993437805,0.959329106258799,938.032953133655,938.032953133655,0,0,944.920662,PERFORM Zone-D total allocated to Moses W/E proxies,low
S1_2025_SUMMER_PEAK_PUBLIC,PERFORM_CAP_GSK__perform_rxb,D,48,MOSES E,977.800993437805,0.0406708937412013,39.7680403041501,39.7680403041501,0,0,40.0600457,PERFORM Zone-D total allocated to Moses W/E proxies,low
S1_2025_SUMMER_PEAK_PUBLIC,PERFORM_CAP_GSK__perform_rxb,C,50,CLAY,2511.2,0.682385315127198,1713.60600334742,1713.60600334742,0,0,1713.60600334742,PERFORM Nine Mile/Fitzpatrick/Independence/Oswego cluster,high
S1_2025_SUMMER_PEAK_PUBLIC,PERFORM_CAP_GSK__perform_rxb,C,51,CLAY,2511.2,0.180824507709693,454.08650376058,454.08650376058,0,0,454.08650376058,PERFORM Nine Mile/Fitzpatrick/Independence/Oswego cluster,high
S1_2025_SUMMER_PEAK_PUBLIC,PERFORM_CAP_GSK__perform_rxb,C,65,GESONIDGE,2511.2,0.024572506913824,61.7064793619949,61.7064793619949,0,0,61.7064793619949,PERFORM Greenidge plant,high
S1_2025_SUMMER_PEAK_PUBLIC,PERFORM_CAP_GSK__perform_rxb,C,68,HILLSIDE,2511.2,0.0597090451253934,149.941354118888,149.941354118888,0,0,149.941354118888,Residual Zone-C plants allocated to Hillside/Lapeer proxies,medium
S1_2025_SUMMER_PEAK_PUBLIC,PERFORM_CAP_GSK__perform_rxb,C,71,BINGHAMTON,2511.2,0.0104652541081939,26.2803461164964,26.2803461164964,0,0,26.2803461164964,PERFORM Binghamton plant,high
S1_2025_SUMMER_PEAK_PUBLIC,PERFORM_CAP_GSK__perform_rxb,C,72,LAPEER,2511.2,0.0420433710156976,105.57931329462,105.57931329462,0,0,105.57931329462,Residual Zone-C plants allocated to Hillside/Lapeer proxies,medium
S1_2025_SUMMER_PEAK_PUBLIC,PERFORM_CAP_GSK__perform_rxb,B,53,ROCHESTER,288.8,1,288.8,288.8,0,0,288.8,All PERFORM Zone-B generation at retained Rochester proxy,medium
S1_2025_SUMMER_PEAK_PUBLIC,PERFORM_CAP_GSK__perform_rxb,A,54,NIAGARA W,1292.8,0.382185175153705,494.08899443871,494.08899443871,-5.6843418860808e-14,0,494.08899443871,PERFORM Niagara hydro plants,high
S1_2025_SUMMER_PEAK_PUBLIC,PERFORM_CAP_GSK__perform_rxb,A,55,NIAGARA E,1292.8,0.191092587576852,247.044497219355,247.044497219355,-2.8421709430404e-14,0,247.044497219355,PERFORM Niagara hydro plants,high
S1_2025_SUMMER_PEAK_PUBLIC,PERFORM_CAP_GSK__perform_rxb,A,56,HUNTLEY,1292.8,0.3012848165981,389.501010898024,389.501010898024,-5.6843418860808e-14,0,389.501010898024,Residual Zone-A plants allocated to Huntley/Dunkirk proxies,medium
S1_2025_SUMMER_PEAK_PUBLIC,PERFORM_CAP_GSK__perform_rxb,A,57,HUNTLEY,1292.8,0.00871229543477941,11.2632555380828,11.2632555380828,-1.77635683940025e-15,0,11.2632555380828,Residual Zone-A plants allocated to Huntley/Dunkirk proxies,medium
S1_2025_SUMMER_PEAK_PUBLIC,PERFORM_CAP_GSK__perform_rxb,A,60,DUNKIRK,1292.8,0.036229555911566,46.8375698824726,46.8375698824726,-7.105427357601e-15,0,46.8375698824726,Residual Zone-A plants allocated to Huntley/Dunkirk proxies,medium
S1_2025_SUMMER_PEAK_PUBLIC,PERFORM_CAP_GSK__perform_rxb,A,61,DUNKIRK,1292.8,0.0804955693249973,104.064672023357,104.064672023357,-1.4210854715202e-14,0,104.064672023357,Residual Zone-A plants allocated to Huntley/Dunkirk proxies,medium
S1_2025_SUMMER_PEAK_PUBLIC,PERFORM_CAP_GSK__perform_rxb,I,78,CE UG,0,1,0,0,0,0,565.099092,PERFORM Zone-I residual at CE UG interface proxy,low
S1_2025_SUMMER_PEAK_PUBLIC,PERFORM_CAP_GSK__perform_rxb,J,79,RAV A-3,2665.32992322799,0.706420369463462,1882.84334910873,1882.84334910873,0,0,2964.90100995997,PERFORM Ravenswood/Astoria generation cluster,high
S1_2025_SUMMER_PEAK_PUBLIC,PERFORM_CAP_GSK__perform_rxb,J,81,GOETHALS,2665.32992322799,0.165299657210587,440.578122662707,440.578122662707,0,0,693.775465424283,Residual Zone-J generation at Goethals/Gowanus proxy,medium
S1_2025_SUMMER_PEAK_PUBLIC,PERFORM_CAP_GSK__perform_rxb,J,82,AK-3,2665.32992322799,0.128279973325951,341.908451456545,341.908451456545,0,0,538.40098461575,PERFORM Arthur-Kill/Narrows generation cluster,high
S1_2025_SUMMER_PEAK_PUBLIC,PERFORM_CAP_GSK__perform_rxb,K,80,NORTHPORT,1603.17038873812,0.284679453396702,456.389669967746,456.389669967746,0,0,678.940381470316,PERFORM Northport plant,high
S1_2025_SUMMER_PEAK_PUBLIC,PERFORM_CAP_GSK__perform_rxb,K,9003,EAST GARDEN CITY,1603.17038873812,0.715320546603298,1146.78071877037,1146.78071877037,0,0,1705.98896052968,Residual Zone-K plants at East Garden City proxy,medium
S1_2025_SUMMER_PEAK_PUBLIC,PERFORM_CAP_GSK__perform_rxb,E,43,EDIC,0,0.666666666666667,0,0,0,0,400,PERFORM Zone-E total allocated to Edic/Porter equivalents,low
S1_2025_SUMMER_PEAK_PUBLIC,PERFORM_CAP_GSK__perform_rxb,E,44,PORTER,0,0.333333333333333,0,0,0,0,200,PERFORM Zone-E total allocated to Edic/Porter equivalents,low
S1_2025_SUMMER_PEAK_PUBLIC,PERFORM_CAP_GSK__perform_rxb,G,39,LEEDS,935.442568774488,0.408278691528877,381.92126797966,381.92126797966,0,0,898.21312136353,PERFORM Athens/South-Cairo/West-Coxsackie cluster,medium
S1_2025_SUMMER_PEAK_PUBLIC,PERFORM_CAP_GSK__perform_rxb,G,73,PLEASANT VLY,935.442568774488,0.358300196665811,335.16925636147,335.16925636147,0,0,788.260432664784,PERFORM Roseton/CPV-Valley cluster,medium
S1_2025_SUMMER_PEAK_PUBLIC,PERFORM_CAP_GSK__perform_rxb,G,76,RAMAPO,935.442568774488,0.233421111805312,218.352044433358,218.352044433358,0,0,513.526445971687,Residual Zone-G plants at Ramapo proxy,medium
S2_2025_WINTER_PEAK_PUBLIC,S4_GSK__current,F,42,ALBANY,643.409240767239,NaN,577.134013162546,577.134013162546,0,0,1068.003995,S4 ACOPF bus dispatch,reference
S2_2025_WINTER_PEAK_PUBLIC,S4_GSK__current,D,47,MOSES W,984.9807077,NaN,944.920662,944.920662,0,0,944.920662,S4 ACOPF bus dispatch,reference
S2_2025_WINTER_PEAK_PUBLIC,S4_GSK__current,D,48,MOSES E,984.9807077,NaN,40.0600457,40.0600457,0,0,40.0600457,S4 ACOPF bus dispatch,reference
S2_2025_WINTER_PEAK_PUBLIC,S4_GSK__current,C,50,CLAY,2511.2,NaN,1105.24857748821,1105.24857748821,0,0,1105.24857748821,S4 ACOPF bus dispatch,reference
S2_2025_WINTER_PEAK_PUBLIC,S4_GSK__current,C,51,CLAY,2511.2,NaN,292.878562141814,292.878562141814,0,0,292.878562141814,S4 ACOPF bus dispatch,reference
S2_2025_WINTER_PEAK_PUBLIC,S4_GSK__current,B,53,ROCHESTER,288.8,NaN,288.8,288.8,0,0,288.8,S4 ACOPF bus dispatch,reference
S2_2025_WINTER_PEAK_PUBLIC,S4_GSK__current,A,54,NIAGARA W,1292.8,NaN,394.385301787287,394.385301787287,0,0,394.385301787287,S4 ACOPF bus dispatch,reference
S2_2025_WINTER_PEAK_PUBLIC,S4_GSK__current,A,55,NIAGARA E,1292.8,NaN,197.192650893643,197.192650893643,0,0,197.192650893643,S4 ACOPF bus dispatch,reference
S2_2025_WINTER_PEAK_PUBLIC,S4_GSK__current,A,56,HUNTLEY,1292.8,NaN,495.093851384339,495.093851384339,0,0,495.093851384339,S4 ACOPF bus dispatch,reference
S2_2025_WINTER_PEAK_PUBLIC,S4_GSK__current,A,57,HUNTLEY,1292.8,NaN,14.3166985641929,14.3166985641929,0,0,14.3166985641929,S4 ACOPF bus dispatch,reference
S2_2025_WINTER_PEAK_PUBLIC,S4_GSK__current,A,60,DUNKIRK,1292.8,NaN,59.5351288283759,59.5351288283759,0,0,59.5351288283759,S4 ACOPF bus dispatch,reference
S2_2025_WINTER_PEAK_PUBLIC,S4_GSK__current,A,61,DUNKIRK,1292.8,NaN,132.276368542162,132.276368542162,0,0,132.276368542162,S4 ACOPF bus dispatch,reference
S2_2025_WINTER_PEAK_PUBLIC,S4_GSK__current,C,65,GESONIDGE,2511.2,NaN,7.481832143219,7.481832143219,0,0,7.481832143219,S4 ACOPF bus dispatch,reference
S2_2025_WINTER_PEAK_PUBLIC,S4_GSK__current,C,68,HILLSIDE,2511.2,NaN,271.054008885173,271.054008885173,0,0,271.054008885173,S4 ACOPF bus dispatch,reference
S2_2025_WINTER_PEAK_PUBLIC,S4_GSK__current,C,71,BINGHAMTON,2511.2,NaN,643.677757785503,643.677757785503,0,0,643.677757785503,S4 ACOPF bus dispatch,reference
S2_2025_WINTER_PEAK_PUBLIC,S4_GSK__current,C,72,LAPEER,2511.2,NaN,190.859261556085,190.859261556085,0,0,190.859261556085,S4 ACOPF bus dispatch,reference
S2_2025_WINTER_PEAK_PUBLIC,S4_GSK__current,I,78,CE UG,0,NaN,0,0,0,0,565.099092,S4 ACOPF bus dispatch,reference
S2_2025_WINTER_PEAK_PUBLIC,S4_GSK__current,J,79,RAV A-3,2221.08603951382,NaN,920.770235126631,920.770235126631,0,0,1777.453484,S4 ACOPF bus dispatch,reference
S2_2025_WINTER_PEAK_PUBLIC,S4_GSK__current,K,80,NORTHPORT,1286.64264940708,NaN,953.68264504326,953.68264504326,0,0,1784.929342,S4 ACOPF bus dispatch,reference
S2_2025_WINTER_PEAK_PUBLIC,S4_GSK__current,J,82,AK-3,2221.08603951382,NaN,967.015723207826,967.015723207826,0,0,1519.623976,S4 ACOPF bus dispatch,reference
S2_2025_WINTER_PEAK_PUBLIC,S4_GSK__current,J,81,GOETHALS,2221.08603951382,NaN,333.300081179359,333.300081179359,0,0,900,S4 ACOPF bus dispatch,reference
S2_2025_WINTER_PEAK_PUBLIC,S4_GSK__current,E,43,EDIC,0,NaN,0,0,0,0,400,S4 ACOPF bus dispatch,reference
S2_2025_WINTER_PEAK_PUBLIC,S4_GSK__current,E,44,PORTER,0,NaN,0,0,0,0,200,S4 ACOPF bus dispatch,reference
S2_2025_WINTER_PEAK_PUBLIC,S4_GSK__current,F,38,GILBOA,643.409240767239,NaN,0,0,0,0,500,S4 ACOPF bus dispatch,reference
S2_2025_WINTER_PEAK_PUBLIC,S4_GSK__current,F,41,ROTTERDAM,643.409240767239,NaN,66.2752276046935,66.2752276046935,0,0,300,S4 ACOPF bus dispatch,reference
S2_2025_WINTER_PEAK_PUBLIC,S4_GSK__current,F,37,NEW SEATHED,643.409240767239,NaN,0,0,0,0,300,S4 ACOPF bus dispatch,reference
S2_2025_WINTER_PEAK_PUBLIC,S4_GSK__current,G,73,PLEASANT VLY,506.685719970448,NaN,185.904518329483,185.904518329483,0,0,900,S4 ACOPF bus dispatch,reference
S2_2025_WINTER_PEAK_PUBLIC,S4_GSK__current,G,76,RAMAPO,506.685719970448,NaN,257.65183502396,257.65183502396,0,0,700,S4 ACOPF bus dispatch,reference
S2_2025_WINTER_PEAK_PUBLIC,S4_GSK__current,G,39,LEEDS,506.685719970448,NaN,63.1293666170055,63.1293666170055,0,0,600,S4 ACOPF bus dispatch,reference
S2_2025_WINTER_PEAK_PUBLIC,S4_GSK__current,K,9003,EAST GARDEN CITY,1286.64264940708,NaN,332.960004363815,332.960004363815,0,0,600,S4 ACOPF bus dispatch,reference
S2_2025_WINTER_PEAK_PUBLIC,S4_GSK__perform_rx,F,42,ALBANY,643.409240767239,NaN,577.134013162546,577.134013162546,0,0,1068.003995,S4 ACOPF bus dispatch,reference
S2_2025_WINTER_PEAK_PUBLIC,S4_GSK__perform_rx,D,47,MOSES W,984.9807077,NaN,944.920662,944.920662,0,0,944.920662,S4 ACOPF bus dispatch,reference
S2_2025_WINTER_PEAK_PUBLIC,S4_GSK__perform_rx,D,48,MOSES E,984.9807077,NaN,40.0600457,40.0600457,0,0,40.0600457,S4 ACOPF bus dispatch,reference
S2_2025_WINTER_PEAK_PUBLIC,S4_GSK__perform_rx,C,50,CLAY,2511.2,NaN,1105.24857748821,1105.24857748821,0,0,1105.24857748821,S4 ACOPF bus dispatch,reference
S2_2025_WINTER_PEAK_PUBLIC,S4_GSK__perform_rx,C,51,CLAY,2511.2,NaN,292.878562141814,292.878562141814,0,0,292.878562141814,S4 ACOPF bus dispatch,reference
S2_2025_WINTER_PEAK_PUBLIC,S4_GSK__perform_rx,B,53,ROCHESTER,288.8,NaN,288.8,288.8,0,0,288.8,S4 ACOPF bus dispatch,reference
S2_2025_WINTER_PEAK_PUBLIC,S4_GSK__perform_rx,A,54,NIAGARA W,1292.8,NaN,394.385301787287,394.385301787287,0,0,394.385301787287,S4 ACOPF bus dispatch,reference
S2_2025_WINTER_PEAK_PUBLIC,S4_GSK__perform_rx,A,55,NIAGARA E,1292.8,NaN,197.192650893643,197.192650893643,0,0,197.192650893643,S4 ACOPF bus dispatch,reference
S2_2025_WINTER_PEAK_PUBLIC,S4_GSK__perform_rx,A,56,HUNTLEY,1292.8,NaN,495.093851384339,495.093851384339,0,0,495.093851384339,S4 ACOPF bus dispatch,reference
S2_2025_WINTER_PEAK_PUBLIC,S4_GSK__perform_rx,A,57,HUNTLEY,1292.8,NaN,14.3166985641929,14.3166985641929,0,0,14.3166985641929,S4 ACOPF bus dispatch,reference
S2_2025_WINTER_PEAK_PUBLIC,S4_GSK__perform_rx,A,60,DUNKIRK,1292.8,NaN,59.5351288283759,59.5351288283759,0,0,59.5351288283759,S4 ACOPF bus dispatch,reference
S2_2025_WINTER_PEAK_PUBLIC,S4_GSK__perform_rx,A,61,DUNKIRK,1292.8,NaN,132.276368542162,132.276368542162,0,0,132.276368542162,S4 ACOPF bus dispatch,reference
S2_2025_WINTER_PEAK_PUBLIC,S4_GSK__perform_rx,C,65,GESONIDGE,2511.2,NaN,7.481832143219,7.481832143219,0,0,7.481832143219,S4 ACOPF bus dispatch,reference
S2_2025_WINTER_PEAK_PUBLIC,S4_GSK__perform_rx,C,68,HILLSIDE,2511.2,NaN,271.054008885173,271.054008885173,0,0,271.054008885173,S4 ACOPF bus dispatch,reference
S2_2025_WINTER_PEAK_PUBLIC,S4_GSK__perform_rx,C,71,BINGHAMTON,2511.2,NaN,643.677757785503,643.677757785503,0,0,643.677757785503,S4 ACOPF bus dispatch,reference
S2_2025_WINTER_PEAK_PUBLIC,S4_GSK__perform_rx,C,72,LAPEER,2511.2,NaN,190.859261556085,190.859261556085,0,0,190.859261556085,S4 ACOPF bus dispatch,reference
S2_2025_WINTER_PEAK_PUBLIC,S4_GSK__perform_rx,I,78,CE UG,0,NaN,0,0,0,0,565.099092,S4 ACOPF bus dispatch,reference
S2_2025_WINTER_PEAK_PUBLIC,S4_GSK__perform_rx,J,79,RAV A-3,2221.08603951382,NaN,920.770235126631,920.770235126631,0,0,1777.453484,S4 ACOPF bus dispatch,reference
S2_2025_WINTER_PEAK_PUBLIC,S4_GSK__perform_rx,K,80,NORTHPORT,1286.64264940708,NaN,953.68264504326,953.68264504326,0,0,1784.929342,S4 ACOPF bus dispatch,reference
S2_2025_WINTER_PEAK_PUBLIC,S4_GSK__perform_rx,J,82,AK-3,2221.08603951382,NaN,967.015723207826,967.015723207826,0,0,1519.623976,S4 ACOPF bus dispatch,reference
S2_2025_WINTER_PEAK_PUBLIC,S4_GSK__perform_rx,J,81,GOETHALS,2221.08603951382,NaN,333.300081179359,333.300081179359,0,0,900,S4 ACOPF bus dispatch,reference
S2_2025_WINTER_PEAK_PUBLIC,S4_GSK__perform_rx,E,43,EDIC,0,NaN,0,0,0,0,400,S4 ACOPF bus dispatch,reference
S2_2025_WINTER_PEAK_PUBLIC,S4_GSK__perform_rx,E,44,PORTER,0,NaN,0,0,0,0,200,S4 ACOPF bus dispatch,reference
S2_2025_WINTER_PEAK_PUBLIC,S4_GSK__perform_rx,F,38,GILBOA,643.409240767239,NaN,0,0,0,0,500,S4 ACOPF bus dispatch,reference
S2_2025_WINTER_PEAK_PUBLIC,S4_GSK__perform_rx,F,41,ROTTERDAM,643.409240767239,NaN,66.2752276046935,66.2752276046935,0,0,300,S4 ACOPF bus dispatch,reference
S2_2025_WINTER_PEAK_PUBLIC,S4_GSK__perform_rx,F,37,NEW SEATHED,643.409240767239,NaN,0,0,0,0,300,S4 ACOPF bus dispatch,reference
S2_2025_WINTER_PEAK_PUBLIC,S4_GSK__perform_rx,G,73,PLEASANT VLY,506.685719970448,NaN,185.904518329483,185.904518329483,0,0,900,S4 ACOPF bus dispatch,reference
S2_2025_WINTER_PEAK_PUBLIC,S4_GSK__perform_rx,G,76,RAMAPO,506.685719970448,NaN,257.65183502396,257.65183502396,0,0,700,S4 ACOPF bus dispatch,reference
S2_2025_WINTER_PEAK_PUBLIC,S4_GSK__perform_rx,G,39,LEEDS,506.685719970448,NaN,63.1293666170055,63.1293666170055,0,0,600,S4 ACOPF bus dispatch,reference
S2_2025_WINTER_PEAK_PUBLIC,S4_GSK__perform_rx,K,9003,EAST GARDEN CITY,1286.64264940708,NaN,332.960004363815,332.960004363815,0,0,600,S4 ACOPF bus dispatch,reference
S2_2025_WINTER_PEAK_PUBLIC,S4_GSK__perform_rxb,F,42,ALBANY,643.409240767239,NaN,577.134013162546,577.134013162546,0,0,1068.003995,S4 ACOPF bus dispatch,reference
S2_2025_WINTER_PEAK_PUBLIC,S4_GSK__perform_rxb,D,47,MOSES W,984.9807077,NaN,944.920662,944.920662,0,0,944.920662,S4 ACOPF bus dispatch,reference
S2_2025_WINTER_PEAK_PUBLIC,S4_GSK__perform_rxb,D,48,MOSES E,984.9807077,NaN,40.0600457,40.0600457,0,0,40.0600457,S4 ACOPF bus dispatch,reference
S2_2025_WINTER_PEAK_PUBLIC,S4_GSK__perform_rxb,C,50,CLAY,2511.2,NaN,1105.24857748821,1105.24857748821,0,0,1105.24857748821,S4 ACOPF bus dispatch,reference
S2_2025_WINTER_PEAK_PUBLIC,S4_GSK__perform_rxb,C,51,CLAY,2511.2,NaN,292.878562141814,292.878562141814,0,0,292.878562141814,S4 ACOPF bus dispatch,reference
S2_2025_WINTER_PEAK_PUBLIC,S4_GSK__perform_rxb,B,53,ROCHESTER,288.8,NaN,288.8,288.8,0,0,288.8,S4 ACOPF bus dispatch,reference
S2_2025_WINTER_PEAK_PUBLIC,S4_GSK__perform_rxb,A,54,NIAGARA W,1292.8,NaN,394.385301787287,394.385301787287,0,0,394.385301787287,S4 ACOPF bus dispatch,reference
S2_2025_WINTER_PEAK_PUBLIC,S4_GSK__perform_rxb,A,55,NIAGARA E,1292.8,NaN,197.192650893643,197.192650893643,0,0,197.192650893643,S4 ACOPF bus dispatch,reference
S2_2025_WINTER_PEAK_PUBLIC,S4_GSK__perform_rxb,A,56,HUNTLEY,1292.8,NaN,495.093851384339,495.093851384339,0,0,495.093851384339,S4 ACOPF bus dispatch,reference
S2_2025_WINTER_PEAK_PUBLIC,S4_GSK__perform_rxb,A,57,HUNTLEY,1292.8,NaN,14.3166985641929,14.3166985641929,0,0,14.3166985641929,S4 ACOPF bus dispatch,reference
S2_2025_WINTER_PEAK_PUBLIC,S4_GSK__perform_rxb,A,60,DUNKIRK,1292.8,NaN,59.5351288283759,59.5351288283759,0,0,59.5351288283759,S4 ACOPF bus dispatch,reference
S2_2025_WINTER_PEAK_PUBLIC,S4_GSK__perform_rxb,A,61,DUNKIRK,1292.8,NaN,132.276368542162,132.276368542162,0,0,132.276368542162,S4 ACOPF bus dispatch,reference
S2_2025_WINTER_PEAK_PUBLIC,S4_GSK__perform_rxb,C,65,GESONIDGE,2511.2,NaN,7.481832143219,7.481832143219,0,0,7.481832143219,S4 ACOPF bus dispatch,reference
S2_2025_WINTER_PEAK_PUBLIC,S4_GSK__perform_rxb,C,68,HILLSIDE,2511.2,NaN,271.054008885173,271.054008885173,0,0,271.054008885173,S4 ACOPF bus dispatch,reference
S2_2025_WINTER_PEAK_PUBLIC,S4_GSK__perform_rxb,C,71,BINGHAMTON,2511.2,NaN,643.677757785503,643.677757785503,0,0,643.677757785503,S4 ACOPF bus dispatch,reference
S2_2025_WINTER_PEAK_PUBLIC,S4_GSK__perform_rxb,C,72,LAPEER,2511.2,NaN,190.859261556085,190.859261556085,0,0,190.859261556085,S4 ACOPF bus dispatch,reference
S2_2025_WINTER_PEAK_PUBLIC,S4_GSK__perform_rxb,I,78,CE UG,0,NaN,0,0,0,0,565.099092,S4 ACOPF bus dispatch,reference
S2_2025_WINTER_PEAK_PUBLIC,S4_GSK__perform_rxb,J,79,RAV A-3,2221.08603951382,NaN,920.770235126631,920.770235126631,0,0,1777.453484,S4 ACOPF bus dispatch,reference
S2_2025_WINTER_PEAK_PUBLIC,S4_GSK__perform_rxb,K,80,NORTHPORT,1286.64264940708,NaN,953.68264504326,953.68264504326,0,0,1784.929342,S4 ACOPF bus dispatch,reference
S2_2025_WINTER_PEAK_PUBLIC,S4_GSK__perform_rxb,J,82,AK-3,2221.08603951382,NaN,967.015723207826,967.015723207826,0,0,1519.623976,S4 ACOPF bus dispatch,reference
S2_2025_WINTER_PEAK_PUBLIC,S4_GSK__perform_rxb,J,81,GOETHALS,2221.08603951382,NaN,333.300081179359,333.300081179359,0,0,900,S4 ACOPF bus dispatch,reference
S2_2025_WINTER_PEAK_PUBLIC,S4_GSK__perform_rxb,E,43,EDIC,0,NaN,0,0,0,0,400,S4 ACOPF bus dispatch,reference
S2_2025_WINTER_PEAK_PUBLIC,S4_GSK__perform_rxb,E,44,PORTER,0,NaN,0,0,0,0,200,S4 ACOPF bus dispatch,reference
S2_2025_WINTER_PEAK_PUBLIC,S4_GSK__perform_rxb,F,38,GILBOA,643.409240767239,NaN,0,0,0,0,500,S4 ACOPF bus dispatch,reference
S2_2025_WINTER_PEAK_PUBLIC,S4_GSK__perform_rxb,F,41,ROTTERDAM,643.409240767239,NaN,66.2752276046935,66.2752276046935,0,0,300,S4 ACOPF bus dispatch,reference
S2_2025_WINTER_PEAK_PUBLIC,S4_GSK__perform_rxb,F,37,NEW SEATHED,643.409240767239,NaN,0,0,0,0,300,S4 ACOPF bus dispatch,reference
S2_2025_WINTER_PEAK_PUBLIC,S4_GSK__perform_rxb,G,73,PLEASANT VLY,506.685719970448,NaN,185.904518329483,185.904518329483,0,0,900,S4 ACOPF bus dispatch,reference
S2_2025_WINTER_PEAK_PUBLIC,S4_GSK__perform_rxb,G,76,RAMAPO,506.685719970448,NaN,257.65183502396,257.65183502396,0,0,700,S4 ACOPF bus dispatch,reference
S2_2025_WINTER_PEAK_PUBLIC,S4_GSK__perform_rxb,G,39,LEEDS,506.685719970448,NaN,63.1293666170055,63.1293666170055,0,0,600,S4 ACOPF bus dispatch,reference
S2_2025_WINTER_PEAK_PUBLIC,S4_GSK__perform_rxb,K,9003,EAST GARDEN CITY,1286.64264940708,NaN,332.960004363815,332.960004363815,0,0,600,S4 ACOPF bus dispatch,reference
S2_2025_WINTER_PEAK_PUBLIC,PERFORM_GSK__current,F,37,NEW SEATHED,643.409240767239,0.210302229460617,135.310397788913,135.310397788913,0,0,300,Residual Zone-F plants at New Scotland proxy,medium
S2_2025_WINTER_PEAK_PUBLIC,PERFORM_GSK__current,F,38,GILBOA,643.409240767239,0.28871900454521,185.764475509507,185.764475509507,0,0,500,PERFORM Blenheim-Gilboa plant,high
S2_2025_WINTER_PEAK_PUBLIC,PERFORM_GSK__current,F,41,ROTTERDAM,643.409240767239,0.099654470089088,64.1186069390816,64.1186069390816,0,0,300,PERFORM Selkirk cluster at Rotterdam proxy,medium
S2_2025_WINTER_PEAK_PUBLIC,PERFORM_GSK__current,F,42,ALBANY,643.409240767239,0.401324295905085,258.215760529738,258.215760529738,0,0,1068.003995,PERFORM Bethlehem/Empire Capital-region cluster,medium
S2_2025_WINTER_PEAK_PUBLIC,PERFORM_GSK__current,D,47,MOSES W,984.9807077,0.959329106258799,944.920662,944.920662,0,0,944.920662,PERFORM Zone-D total allocated to Moses W/E proxies,low
S2_2025_WINTER_PEAK_PUBLIC,PERFORM_GSK__current,D,48,MOSES E,984.9807077,0.0406708937412013,40.0600457,40.0600457,0,0,40.0600457,PERFORM Zone-D total allocated to Moses W/E proxies,low
S2_2025_WINTER_PEAK_PUBLIC,PERFORM_GSK__current,C,50,CLAY,2511.2,0.682385315127198,1713.60600334742,1105.24857748821,-608.357425859215,0,1105.24857748821,PERFORM Nine Mile/Fitzpatrick/Independence/Oswego cluster,high
S2_2025_WINTER_PEAK_PUBLIC,PERFORM_GSK__current,C,51,CLAY,2511.2,0.180824507709693,454.08650376058,292.878562141814,-161.207941618766,0,292.878562141814,PERFORM Nine Mile/Fitzpatrick/Independence/Oswego cluster,high
S2_2025_WINTER_PEAK_PUBLIC,PERFORM_GSK__current,C,65,GESONIDGE,2511.2,0.024572506913824,61.7064793619949,7.481832143219,-54.2246472187759,0,7.481832143219,PERFORM Greenidge plant,high
S2_2025_WINTER_PEAK_PUBLIC,PERFORM_GSK__current,C,68,HILLSIDE,2511.2,0.0597090451253934,149.941354118888,271.054008885173,121.112654766285,0,271.054008885173,Residual Zone-C plants allocated to Hillside/Lapeer proxies,medium
S2_2025_WINTER_PEAK_PUBLIC,PERFORM_GSK__current,C,71,BINGHAMTON,2511.2,0.0104652541081939,26.2803461164964,643.677757785502,617.397411669006,0,643.677757785503,PERFORM Binghamton plant,high
S2_2025_WINTER_PEAK_PUBLIC,PERFORM_GSK__current,C,72,LAPEER,2511.2,0.0420433710156976,105.57931329462,190.859261556085,85.2799482614649,0,190.859261556085,Residual Zone-C plants allocated to Hillside/Lapeer proxies,medium
S2_2025_WINTER_PEAK_PUBLIC,PERFORM_GSK__current,B,53,ROCHESTER,288.8,1,288.8,288.8,0,0,288.8,All PERFORM Zone-B generation at retained Rochester proxy,medium
S2_2025_WINTER_PEAK_PUBLIC,PERFORM_GSK__current,A,54,NIAGARA W,1292.8,0.382185175153705,494.08899443871,394.385301787287,-99.7036926514231,0,394.385301787287,PERFORM Niagara hydro plants,high
S2_2025_WINTER_PEAK_PUBLIC,PERFORM_GSK__current,A,55,NIAGARA E,1292.8,0.191092587576852,247.044497219355,197.192650893643,-49.8518463257115,0,197.192650893643,PERFORM Niagara hydro plants,high
S2_2025_WINTER_PEAK_PUBLIC,PERFORM_GSK__current,A,56,HUNTLEY,1292.8,0.3012848165981,389.501010898024,495.093851384339,105.592840486315,0,495.093851384339,Residual Zone-A plants allocated to Huntley/Dunkirk proxies,medium
S2_2025_WINTER_PEAK_PUBLIC,PERFORM_GSK__current,A,57,HUNTLEY,1292.8,0.00871229543477941,11.2632555380828,14.3166985641929,3.05344302611005,0,14.3166985641929,Residual Zone-A plants allocated to Huntley/Dunkirk proxies,medium
S2_2025_WINTER_PEAK_PUBLIC,PERFORM_GSK__current,A,60,DUNKIRK,1292.8,0.036229555911566,46.8375698824726,59.5351288283759,12.6975589459033,0,59.5351288283759,Residual Zone-A plants allocated to Huntley/Dunkirk proxies,medium
S2_2025_WINTER_PEAK_PUBLIC,PERFORM_GSK__current,A,61,DUNKIRK,1292.8,0.0804955693249973,104.064672023357,132.276368542162,28.2116965188055,0,132.276368542162,Residual Zone-A plants allocated to Huntley/Dunkirk proxies,medium
S2_2025_WINTER_PEAK_PUBLIC,PERFORM_GSK__current,I,78,CE UG,0,1,0,0,0,0,565.099092,PERFORM Zone-I residual at CE UG interface proxy,low
S2_2025_WINTER_PEAK_PUBLIC,PERFORM_GSK__current,J,79,RAV A-3,2221.08603951382,0.706420369463462,1569.02042064349,1569.02042064349,0,0,1777.453484,PERFORM Ravenswood/Astoria generation cluster,high
S2_2025_WINTER_PEAK_PUBLIC,PERFORM_GSK__current,J,81,GOETHALS,2221.08603951382,0.165299657210587,367.144760966855,367.144760966855,0,0,900,Residual Zone-J generation at Goethals/Gowanus proxy,medium
S2_2025_WINTER_PEAK_PUBLIC,PERFORM_GSK__current,J,82,AK-3,2221.08603951382,0.128279973325951,284.920857903474,284.920857903474,0,0,1519.623976,PERFORM Arthur-Kill/Narrows generation cluster,high
S2_2025_WINTER_PEAK_PUBLIC,PERFORM_GSK__current,K,80,NORTHPORT,1286.64264940708,0.284679453396702,366.28072615009,686.642649407075,320.361923256985,0,1784.929342,PERFORM Northport plant,high
S2_2025_WINTER_PEAK_PUBLIC,PERFORM_GSK__current,K,9003,EAST GARDEN CITY,1286.64264940708,0.715320546603298,920.361923256985,600,-320.361923256985,0,600,Residual Zone-K plants at East Garden City proxy,medium
S2_2025_WINTER_PEAK_PUBLIC,PERFORM_GSK__current,E,43,EDIC,0,0.666666666666667,0,0,0,0,400,PERFORM Zone-E total allocated to Edic/Porter equivalents,low
S2_2025_WINTER_PEAK_PUBLIC,PERFORM_GSK__current,E,44,PORTER,0,0.333333333333333,0,0,0,0,200,PERFORM Zone-E total allocated to Edic/Porter equivalents,low
S2_2025_WINTER_PEAK_PUBLIC,PERFORM_GSK__current,G,39,LEEDS,506.685719970448,0.408278691528877,206.868982765902,206.868982765902,0,0,600,PERFORM Athens/South-Cairo/West-Coxsackie cluster,medium
S2_2025_WINTER_PEAK_PUBLIC,PERFORM_GSK__current,G,73,PLEASANT VLY,506.685719970448,0.358300196665811,181.54559311317,181.54559311317,0,0,900,PERFORM Roseton/CPV-Valley cluster,medium
S2_2025_WINTER_PEAK_PUBLIC,PERFORM_GSK__current,G,76,RAMAPO,506.685719970448,0.233421111805312,118.271144091377,118.271144091377,0,0,700,Residual Zone-G plants at Ramapo proxy,medium
S2_2025_WINTER_PEAK_PUBLIC,PERFORM_GSK__perform_rx,F,37,NEW SEATHED,643.409240767239,0.210302229460617,135.310397788913,135.310397788913,0,0,300,Residual Zone-F plants at New Scotland proxy,medium
S2_2025_WINTER_PEAK_PUBLIC,PERFORM_GSK__perform_rx,F,38,GILBOA,643.409240767239,0.28871900454521,185.764475509507,185.764475509507,0,0,500,PERFORM Blenheim-Gilboa plant,high
S2_2025_WINTER_PEAK_PUBLIC,PERFORM_GSK__perform_rx,F,41,ROTTERDAM,643.409240767239,0.099654470089088,64.1186069390816,64.1186069390816,0,0,300,PERFORM Selkirk cluster at Rotterdam proxy,medium
S2_2025_WINTER_PEAK_PUBLIC,PERFORM_GSK__perform_rx,F,42,ALBANY,643.409240767239,0.401324295905085,258.215760529738,258.215760529738,0,0,1068.003995,PERFORM Bethlehem/Empire Capital-region cluster,medium
S2_2025_WINTER_PEAK_PUBLIC,PERFORM_GSK__perform_rx,D,47,MOSES W,984.9807077,0.959329106258799,944.920662,944.920662,0,0,944.920662,PERFORM Zone-D total allocated to Moses W/E proxies,low
S2_2025_WINTER_PEAK_PUBLIC,PERFORM_GSK__perform_rx,D,48,MOSES E,984.9807077,0.0406708937412013,40.0600457,40.0600457,0,0,40.0600457,PERFORM Zone-D total allocated to Moses W/E proxies,low
S2_2025_WINTER_PEAK_PUBLIC,PERFORM_GSK__perform_rx,C,50,CLAY,2511.2,0.682385315127198,1713.60600334742,1105.24857748821,-608.357425859215,0,1105.24857748821,PERFORM Nine Mile/Fitzpatrick/Independence/Oswego cluster,high
S2_2025_WINTER_PEAK_PUBLIC,PERFORM_GSK__perform_rx,C,51,CLAY,2511.2,0.180824507709693,454.08650376058,292.878562141814,-161.207941618766,0,292.878562141814,PERFORM Nine Mile/Fitzpatrick/Independence/Oswego cluster,high
S2_2025_WINTER_PEAK_PUBLIC,PERFORM_GSK__perform_rx,C,65,GESONIDGE,2511.2,0.024572506913824,61.7064793619949,7.481832143219,-54.2246472187759,0,7.481832143219,PERFORM Greenidge plant,high
S2_2025_WINTER_PEAK_PUBLIC,PERFORM_GSK__perform_rx,C,68,HILLSIDE,2511.2,0.0597090451253934,149.941354118888,271.054008885173,121.112654766285,0,271.054008885173,Residual Zone-C plants allocated to Hillside/Lapeer proxies,medium
S2_2025_WINTER_PEAK_PUBLIC,PERFORM_GSK__perform_rx,C,71,BINGHAMTON,2511.2,0.0104652541081939,26.2803461164964,643.677757785502,617.397411669006,0,643.677757785503,PERFORM Binghamton plant,high
S2_2025_WINTER_PEAK_PUBLIC,PERFORM_GSK__perform_rx,C,72,LAPEER,2511.2,0.0420433710156976,105.57931329462,190.859261556085,85.2799482614649,0,190.859261556085,Residual Zone-C plants allocated to Hillside/Lapeer proxies,medium
S2_2025_WINTER_PEAK_PUBLIC,PERFORM_GSK__perform_rx,B,53,ROCHESTER,288.8,1,288.8,288.8,0,0,288.8,All PERFORM Zone-B generation at retained Rochester proxy,medium
S2_2025_WINTER_PEAK_PUBLIC,PERFORM_GSK__perform_rx,A,54,NIAGARA W,1292.8,0.382185175153705,494.08899443871,394.385301787287,-99.7036926514231,0,394.385301787287,PERFORM Niagara hydro plants,high
S2_2025_WINTER_PEAK_PUBLIC,PERFORM_GSK__perform_rx,A,55,NIAGARA E,1292.8,0.191092587576852,247.044497219355,197.192650893643,-49.8518463257115,0,197.192650893643,PERFORM Niagara hydro plants,high
S2_2025_WINTER_PEAK_PUBLIC,PERFORM_GSK__perform_rx,A,56,HUNTLEY,1292.8,0.3012848165981,389.501010898024,495.093851384339,105.592840486315,0,495.093851384339,Residual Zone-A plants allocated to Huntley/Dunkirk proxies,medium
S2_2025_WINTER_PEAK_PUBLIC,PERFORM_GSK__perform_rx,A,57,HUNTLEY,1292.8,0.00871229543477941,11.2632555380828,14.3166985641929,3.05344302611005,0,14.3166985641929,Residual Zone-A plants allocated to Huntley/Dunkirk proxies,medium
S2_2025_WINTER_PEAK_PUBLIC,PERFORM_GSK__perform_rx,A,60,DUNKIRK,1292.8,0.036229555911566,46.8375698824726,59.5351288283759,12.6975589459033,0,59.5351288283759,Residual Zone-A plants allocated to Huntley/Dunkirk proxies,medium
S2_2025_WINTER_PEAK_PUBLIC,PERFORM_GSK__perform_rx,A,61,DUNKIRK,1292.8,0.0804955693249973,104.064672023357,132.276368542162,28.2116965188055,0,132.276368542162,Residual Zone-A plants allocated to Huntley/Dunkirk proxies,medium
S2_2025_WINTER_PEAK_PUBLIC,PERFORM_GSK__perform_rx,I,78,CE UG,0,1,0,0,0,0,565.099092,PERFORM Zone-I residual at CE UG interface proxy,low
S2_2025_WINTER_PEAK_PUBLIC,PERFORM_GSK__perform_rx,J,79,RAV A-3,2221.08603951382,0.706420369463462,1569.02042064349,1569.02042064349,0,0,1777.453484,PERFORM Ravenswood/Astoria generation cluster,high
S2_2025_WINTER_PEAK_PUBLIC,PERFORM_GSK__perform_rx,J,81,GOETHALS,2221.08603951382,0.165299657210587,367.144760966855,367.144760966855,0,0,900,Residual Zone-J generation at Goethals/Gowanus proxy,medium
S2_2025_WINTER_PEAK_PUBLIC,PERFORM_GSK__perform_rx,J,82,AK-3,2221.08603951382,0.128279973325951,284.920857903474,284.920857903474,0,0,1519.623976,PERFORM Arthur-Kill/Narrows generation cluster,high
S2_2025_WINTER_PEAK_PUBLIC,PERFORM_GSK__perform_rx,K,80,NORTHPORT,1286.64264940708,0.284679453396702,366.28072615009,686.642649407075,320.361923256985,0,1784.929342,PERFORM Northport plant,high
S2_2025_WINTER_PEAK_PUBLIC,PERFORM_GSK__perform_rx,K,9003,EAST GARDEN CITY,1286.64264940708,0.715320546603298,920.361923256985,600,-320.361923256985,0,600,Residual Zone-K plants at East Garden City proxy,medium
S2_2025_WINTER_PEAK_PUBLIC,PERFORM_GSK__perform_rx,E,43,EDIC,0,0.666666666666667,0,0,0,0,400,PERFORM Zone-E total allocated to Edic/Porter equivalents,low
S2_2025_WINTER_PEAK_PUBLIC,PERFORM_GSK__perform_rx,E,44,PORTER,0,0.333333333333333,0,0,0,0,200,PERFORM Zone-E total allocated to Edic/Porter equivalents,low
S2_2025_WINTER_PEAK_PUBLIC,PERFORM_GSK__perform_rx,G,39,LEEDS,506.685719970448,0.408278691528877,206.868982765902,206.868982765902,0,0,600,PERFORM Athens/South-Cairo/West-Coxsackie cluster,medium
S2_2025_WINTER_PEAK_PUBLIC,PERFORM_GSK__perform_rx,G,73,PLEASANT VLY,506.685719970448,0.358300196665811,181.54559311317,181.54559311317,0,0,900,PERFORM Roseton/CPV-Valley cluster,medium
S2_2025_WINTER_PEAK_PUBLIC,PERFORM_GSK__perform_rx,G,76,RAMAPO,506.685719970448,0.233421111805312,118.271144091377,118.271144091377,0,0,700,Residual Zone-G plants at Ramapo proxy,medium
S2_2025_WINTER_PEAK_PUBLIC,PERFORM_GSK__perform_rxb,F,37,NEW SEATHED,643.409240767239,0.210302229460617,135.310397788913,135.310397788913,0,0,300,Residual Zone-F plants at New Scotland proxy,medium
S2_2025_WINTER_PEAK_PUBLIC,PERFORM_GSK__perform_rxb,F,38,GILBOA,643.409240767239,0.28871900454521,185.764475509507,185.764475509507,0,0,500,PERFORM Blenheim-Gilboa plant,high
S2_2025_WINTER_PEAK_PUBLIC,PERFORM_GSK__perform_rxb,F,41,ROTTERDAM,643.409240767239,0.099654470089088,64.1186069390816,64.1186069390816,0,0,300,PERFORM Selkirk cluster at Rotterdam proxy,medium
S2_2025_WINTER_PEAK_PUBLIC,PERFORM_GSK__perform_rxb,F,42,ALBANY,643.409240767239,0.401324295905085,258.215760529738,258.215760529738,0,0,1068.003995,PERFORM Bethlehem/Empire Capital-region cluster,medium
S2_2025_WINTER_PEAK_PUBLIC,PERFORM_GSK__perform_rxb,D,47,MOSES W,984.9807077,0.959329106258799,944.920662,944.920662,0,0,944.920662,PERFORM Zone-D total allocated to Moses W/E proxies,low
S2_2025_WINTER_PEAK_PUBLIC,PERFORM_GSK__perform_rxb,D,48,MOSES E,984.9807077,0.0406708937412013,40.0600457,40.0600457,0,0,40.0600457,PERFORM Zone-D total allocated to Moses W/E proxies,low
S2_2025_WINTER_PEAK_PUBLIC,PERFORM_GSK__perform_rxb,C,50,CLAY,2511.2,0.682385315127198,1713.60600334742,1105.24857748821,-608.357425859215,0,1105.24857748821,PERFORM Nine Mile/Fitzpatrick/Independence/Oswego cluster,high
S2_2025_WINTER_PEAK_PUBLIC,PERFORM_GSK__perform_rxb,C,51,CLAY,2511.2,0.180824507709693,454.08650376058,292.878562141814,-161.207941618766,0,292.878562141814,PERFORM Nine Mile/Fitzpatrick/Independence/Oswego cluster,high
S2_2025_WINTER_PEAK_PUBLIC,PERFORM_GSK__perform_rxb,C,65,GESONIDGE,2511.2,0.024572506913824,61.7064793619949,7.481832143219,-54.2246472187759,0,7.481832143219,PERFORM Greenidge plant,high
S2_2025_WINTER_PEAK_PUBLIC,PERFORM_GSK__perform_rxb,C,68,HILLSIDE,2511.2,0.0597090451253934,149.941354118888,271.054008885173,121.112654766285,0,271.054008885173,Residual Zone-C plants allocated to Hillside/Lapeer proxies,medium
S2_2025_WINTER_PEAK_PUBLIC,PERFORM_GSK__perform_rxb,C,71,BINGHAMTON,2511.2,0.0104652541081939,26.2803461164964,643.677757785502,617.397411669006,0,643.677757785503,PERFORM Binghamton plant,high
S2_2025_WINTER_PEAK_PUBLIC,PERFORM_GSK__perform_rxb,C,72,LAPEER,2511.2,0.0420433710156976,105.57931329462,190.859261556085,85.2799482614649,0,190.859261556085,Residual Zone-C plants allocated to Hillside/Lapeer proxies,medium
S2_2025_WINTER_PEAK_PUBLIC,PERFORM_GSK__perform_rxb,B,53,ROCHESTER,288.8,1,288.8,288.8,0,0,288.8,All PERFORM Zone-B generation at retained Rochester proxy,medium
S2_2025_WINTER_PEAK_PUBLIC,PERFORM_GSK__perform_rxb,A,54,NIAGARA W,1292.8,0.382185175153705,494.08899443871,394.385301787287,-99.7036926514231,0,394.385301787287,PERFORM Niagara hydro plants,high
S2_2025_WINTER_PEAK_PUBLIC,PERFORM_GSK__perform_rxb,A,55,NIAGARA E,1292.8,0.191092587576852,247.044497219355,197.192650893643,-49.8518463257115,0,197.192650893643,PERFORM Niagara hydro plants,high
S2_2025_WINTER_PEAK_PUBLIC,PERFORM_GSK__perform_rxb,A,56,HUNTLEY,1292.8,0.3012848165981,389.501010898024,495.093851384339,105.592840486315,0,495.093851384339,Residual Zone-A plants allocated to Huntley/Dunkirk proxies,medium
S2_2025_WINTER_PEAK_PUBLIC,PERFORM_GSK__perform_rxb,A,57,HUNTLEY,1292.8,0.00871229543477941,11.2632555380828,14.3166985641929,3.05344302611005,0,14.3166985641929,Residual Zone-A plants allocated to Huntley/Dunkirk proxies,medium
S2_2025_WINTER_PEAK_PUBLIC,PERFORM_GSK__perform_rxb,A,60,DUNKIRK,1292.8,0.036229555911566,46.8375698824726,59.5351288283759,12.6975589459033,0,59.5351288283759,Residual Zone-A plants allocated to Huntley/Dunkirk proxies,medium
S2_2025_WINTER_PEAK_PUBLIC,PERFORM_GSK__perform_rxb,A,61,DUNKIRK,1292.8,0.0804955693249973,104.064672023357,132.276368542162,28.2116965188055,0,132.276368542162,Residual Zone-A plants allocated to Huntley/Dunkirk proxies,medium
S2_2025_WINTER_PEAK_PUBLIC,PERFORM_GSK__perform_rxb,I,78,CE UG,0,1,0,0,0,0,565.099092,PERFORM Zone-I residual at CE UG interface proxy,low
S2_2025_WINTER_PEAK_PUBLIC,PERFORM_GSK__perform_rxb,J,79,RAV A-3,2221.08603951382,0.706420369463462,1569.02042064349,1569.02042064349,0,0,1777.453484,PERFORM Ravenswood/Astoria generation cluster,high
S2_2025_WINTER_PEAK_PUBLIC,PERFORM_GSK__perform_rxb,J,81,GOETHALS,2221.08603951382,0.165299657210587,367.144760966855,367.144760966855,0,0,900,Residual Zone-J generation at Goethals/Gowanus proxy,medium
S2_2025_WINTER_PEAK_PUBLIC,PERFORM_GSK__perform_rxb,J,82,AK-3,2221.08603951382,0.128279973325951,284.920857903474,284.920857903474,0,0,1519.623976,PERFORM Arthur-Kill/Narrows generation cluster,high
S2_2025_WINTER_PEAK_PUBLIC,PERFORM_GSK__perform_rxb,K,80,NORTHPORT,1286.64264940708,0.284679453396702,366.28072615009,686.642649407075,320.361923256985,0,1784.929342,PERFORM Northport plant,high
S2_2025_WINTER_PEAK_PUBLIC,PERFORM_GSK__perform_rxb,K,9003,EAST GARDEN CITY,1286.64264940708,0.715320546603298,920.361923256985,600,-320.361923256985,0,600,Residual Zone-K plants at East Garden City proxy,medium
S2_2025_WINTER_PEAK_PUBLIC,PERFORM_GSK__perform_rxb,E,43,EDIC,0,0.666666666666667,0,0,0,0,400,PERFORM Zone-E total allocated to Edic/Porter equivalents,low
S2_2025_WINTER_PEAK_PUBLIC,PERFORM_GSK__perform_rxb,E,44,PORTER,0,0.333333333333333,0,0,0,0,200,PERFORM Zone-E total allocated to Edic/Porter equivalents,low
S2_2025_WINTER_PEAK_PUBLIC,PERFORM_GSK__perform_rxb,G,39,LEEDS,506.685719970448,0.408278691528877,206.868982765902,206.868982765902,0,0,600,PERFORM Athens/South-Cairo/West-Coxsackie cluster,medium
S2_2025_WINTER_PEAK_PUBLIC,PERFORM_GSK__perform_rxb,G,73,PLEASANT VLY,506.685719970448,0.358300196665811,181.54559311317,181.54559311317,0,0,900,PERFORM Roseton/CPV-Valley cluster,medium
S2_2025_WINTER_PEAK_PUBLIC,PERFORM_GSK__perform_rxb,G,76,RAMAPO,506.685719970448,0.233421111805312,118.271144091377,118.271144091377,0,0,700,Residual Zone-G plants at Ramapo proxy,medium
S2_2025_WINTER_PEAK_PUBLIC,PERFORM_CAP_GSK__current,F,37,NEW SEATHED,643.409240767239,0.210302229460617,135.310397788913,135.310397788913,0,0,455.936073628024,Residual Zone-F plants at New Scotland proxy,medium
S2_2025_WINTER_PEAK_PUBLIC,PERFORM_CAP_GSK__current,F,38,GILBOA,643.409240767239,0.28871900454521,185.764475509507,185.764475509507,0,0,625.943955286439,PERFORM Blenheim-Gilboa plant,high
S2_2025_WINTER_PEAK_PUBLIC,PERFORM_CAP_GSK__current,F,41,ROTTERDAM,643.409240767239,0.099654470089088,64.1186069390816,64.1186069390816,0,0,216.051289272751,PERFORM Selkirk cluster at Rotterdam proxy,medium
S2_2025_WINTER_PEAK_PUBLIC,PERFORM_CAP_GSK__current,F,42,ALBANY,643.409240767239,0.401324295905085,258.215760529738,258.215760529738,0,0,870.072676812786,PERFORM Bethlehem/Empire Capital-region cluster,medium
S2_2025_WINTER_PEAK_PUBLIC,PERFORM_CAP_GSK__current,D,47,MOSES W,984.9807077,0.959329106258799,944.920662,944.920662,0,0,944.920662,PERFORM Zone-D total allocated to Moses W/E proxies,low
S2_2025_WINTER_PEAK_PUBLIC,PERFORM_CAP_GSK__current,D,48,MOSES E,984.9807077,0.0406708937412013,40.0600457,40.0600457,0,0,40.0600457,PERFORM Zone-D total allocated to Moses W/E proxies,low
S2_2025_WINTER_PEAK_PUBLIC,PERFORM_CAP_GSK__current,C,50,CLAY,2511.2,0.682385315127198,1713.60600334742,1713.60600334742,0,0,1713.60600334742,PERFORM Nine Mile/Fitzpatrick/Independence/Oswego cluster,high
S2_2025_WINTER_PEAK_PUBLIC,PERFORM_CAP_GSK__current,C,51,CLAY,2511.2,0.180824507709693,454.08650376058,454.08650376058,0,0,454.08650376058,PERFORM Nine Mile/Fitzpatrick/Independence/Oswego cluster,high
S2_2025_WINTER_PEAK_PUBLIC,PERFORM_CAP_GSK__current,C,65,GESONIDGE,2511.2,0.024572506913824,61.7064793619949,61.7064793619949,0,0,61.7064793619949,PERFORM Greenidge plant,high
S2_2025_WINTER_PEAK_PUBLIC,PERFORM_CAP_GSK__current,C,68,HILLSIDE,2511.2,0.0597090451253934,149.941354118888,149.941354118888,0,0,149.941354118888,Residual Zone-C plants allocated to Hillside/Lapeer proxies,medium
S2_2025_WINTER_PEAK_PUBLIC,PERFORM_CAP_GSK__current,C,71,BINGHAMTON,2511.2,0.0104652541081939,26.2803461164964,26.2803461164964,0,0,26.2803461164964,PERFORM Binghamton plant,high
S2_2025_WINTER_PEAK_PUBLIC,PERFORM_CAP_GSK__current,C,72,LAPEER,2511.2,0.0420433710156976,105.57931329462,105.57931329462,0,0,105.57931329462,Residual Zone-C plants allocated to Hillside/Lapeer proxies,medium
S2_2025_WINTER_PEAK_PUBLIC,PERFORM_CAP_GSK__current,B,53,ROCHESTER,288.8,1,288.8,288.8,0,0,288.8,All PERFORM Zone-B generation at retained Rochester proxy,medium
S2_2025_WINTER_PEAK_PUBLIC,PERFORM_CAP_GSK__current,A,54,NIAGARA W,1292.8,0.382185175153705,494.08899443871,494.08899443871,-5.6843418860808e-14,0,494.08899443871,PERFORM Niagara hydro plants,high
S2_2025_WINTER_PEAK_PUBLIC,PERFORM_CAP_GSK__current,A,55,NIAGARA E,1292.8,0.191092587576852,247.044497219355,247.044497219355,-2.8421709430404e-14,0,247.044497219355,PERFORM Niagara hydro plants,high
S2_2025_WINTER_PEAK_PUBLIC,PERFORM_CAP_GSK__current,A,56,HUNTLEY,1292.8,0.3012848165981,389.501010898024,389.501010898024,-5.6843418860808e-14,0,389.501010898024,Residual Zone-A plants allocated to Huntley/Dunkirk proxies,medium
S2_2025_WINTER_PEAK_PUBLIC,PERFORM_CAP_GSK__current,A,57,HUNTLEY,1292.8,0.00871229543477941,11.2632555380828,11.2632555380828,-1.77635683940025e-15,0,11.2632555380828,Residual Zone-A plants allocated to Huntley/Dunkirk proxies,medium
S2_2025_WINTER_PEAK_PUBLIC,PERFORM_CAP_GSK__current,A,60,DUNKIRK,1292.8,0.036229555911566,46.8375698824726,46.8375698824726,-7.105427357601e-15,0,46.8375698824726,Residual Zone-A plants allocated to Huntley/Dunkirk proxies,medium
S2_2025_WINTER_PEAK_PUBLIC,PERFORM_CAP_GSK__current,A,61,DUNKIRK,1292.8,0.0804955693249973,104.064672023357,104.064672023357,-1.4210854715202e-14,0,104.064672023357,Residual Zone-A plants allocated to Huntley/Dunkirk proxies,medium
S2_2025_WINTER_PEAK_PUBLIC,PERFORM_CAP_GSK__current,I,78,CE UG,0,1,0,0,0,0,565.099092,PERFORM Zone-I residual at CE UG interface proxy,low
S2_2025_WINTER_PEAK_PUBLIC,PERFORM_CAP_GSK__current,J,79,RAV A-3,2221.08603951382,0.706420369463462,1569.02042064349,1569.02042064349,0,0,2964.90100995997,PERFORM Ravenswood/Astoria generation cluster,high
S2_2025_WINTER_PEAK_PUBLIC,PERFORM_CAP_GSK__current,J,81,GOETHALS,2221.08603951382,0.165299657210587,367.144760966855,367.144760966855,0,0,693.775465424283,Residual Zone-J generation at Goethals/Gowanus proxy,medium
S2_2025_WINTER_PEAK_PUBLIC,PERFORM_CAP_GSK__current,J,82,AK-3,2221.08603951382,0.128279973325951,284.920857903474,284.920857903474,0,0,538.40098461575,PERFORM Arthur-Kill/Narrows generation cluster,high
S2_2025_WINTER_PEAK_PUBLIC,PERFORM_CAP_GSK__current,K,80,NORTHPORT,1286.64264940708,0.284679453396702,366.28072615009,366.28072615009,0,0,678.940381470316,PERFORM Northport plant,high
S2_2025_WINTER_PEAK_PUBLIC,PERFORM_CAP_GSK__current,K,9003,EAST GARDEN CITY,1286.64264940708,0.715320546603298,920.361923256985,920.361923256985,0,0,1705.98896052968,Residual Zone-K plants at East Garden City proxy,medium
S2_2025_WINTER_PEAK_PUBLIC,PERFORM_CAP_GSK__current,E,43,EDIC,0,0.666666666666667,0,0,0,0,400,PERFORM Zone-E total allocated to Edic/Porter equivalents,low
S2_2025_WINTER_PEAK_PUBLIC,PERFORM_CAP_GSK__current,E,44,PORTER,0,0.333333333333333,0,0,0,0,200,PERFORM Zone-E total allocated to Edic/Porter equivalents,low
S2_2025_WINTER_PEAK_PUBLIC,PERFORM_CAP_GSK__current,G,39,LEEDS,506.685719970448,0.408278691528877,206.868982765902,206.868982765902,0,0,898.21312136353,PERFORM Athens/South-Cairo/West-Coxsackie cluster,medium
S2_2025_WINTER_PEAK_PUBLIC,PERFORM_CAP_GSK__current,G,73,PLEASANT VLY,506.685719970448,0.358300196665811,181.54559311317,181.54559311317,0,0,788.260432664784,PERFORM Roseton/CPV-Valley cluster,medium
S2_2025_WINTER_PEAK_PUBLIC,PERFORM_CAP_GSK__current,G,76,RAMAPO,506.685719970448,0.233421111805312,118.271144091377,118.271144091377,0,0,513.526445971687,Residual Zone-G plants at Ramapo proxy,medium
S2_2025_WINTER_PEAK_PUBLIC,PERFORM_CAP_GSK__perform_rx,F,37,NEW SEATHED,643.409240767239,0.210302229460617,135.310397788913,135.310397788913,0,0,455.936073628024,Residual Zone-F plants at New Scotland proxy,medium
S2_2025_WINTER_PEAK_PUBLIC,PERFORM_CAP_GSK__perform_rx,F,38,GILBOA,643.409240767239,0.28871900454521,185.764475509507,185.764475509507,0,0,625.943955286439,PERFORM Blenheim-Gilboa plant,high
S2_2025_WINTER_PEAK_PUBLIC,PERFORM_CAP_GSK__perform_rx,F,41,ROTTERDAM,643.409240767239,0.099654470089088,64.1186069390816,64.1186069390816,0,0,216.051289272751,PERFORM Selkirk cluster at Rotterdam proxy,medium
S2_2025_WINTER_PEAK_PUBLIC,PERFORM_CAP_GSK__perform_rx,F,42,ALBANY,643.409240767239,0.401324295905085,258.215760529738,258.215760529738,0,0,870.072676812786,PERFORM Bethlehem/Empire Capital-region cluster,medium
S2_2025_WINTER_PEAK_PUBLIC,PERFORM_CAP_GSK__perform_rx,D,47,MOSES W,984.9807077,0.959329106258799,944.920662,944.920662,0,0,944.920662,PERFORM Zone-D total allocated to Moses W/E proxies,low
S2_2025_WINTER_PEAK_PUBLIC,PERFORM_CAP_GSK__perform_rx,D,48,MOSES E,984.9807077,0.0406708937412013,40.0600457,40.0600457,0,0,40.0600457,PERFORM Zone-D total allocated to Moses W/E proxies,low
S2_2025_WINTER_PEAK_PUBLIC,PERFORM_CAP_GSK__perform_rx,C,50,CLAY,2511.2,0.682385315127198,1713.60600334742,1713.60600334742,0,0,1713.60600334742,PERFORM Nine Mile/Fitzpatrick/Independence/Oswego cluster,high
S2_2025_WINTER_PEAK_PUBLIC,PERFORM_CAP_GSK__perform_rx,C,51,CLAY,2511.2,0.180824507709693,454.08650376058,454.08650376058,0,0,454.08650376058,PERFORM Nine Mile/Fitzpatrick/Independence/Oswego cluster,high
S2_2025_WINTER_PEAK_PUBLIC,PERFORM_CAP_GSK__perform_rx,C,65,GESONIDGE,2511.2,0.024572506913824,61.7064793619949,61.7064793619949,0,0,61.7064793619949,PERFORM Greenidge plant,high
S2_2025_WINTER_PEAK_PUBLIC,PERFORM_CAP_GSK__perform_rx,C,68,HILLSIDE,2511.2,0.0597090451253934,149.941354118888,149.941354118888,0,0,149.941354118888,Residual Zone-C plants allocated to Hillside/Lapeer proxies,medium
S2_2025_WINTER_PEAK_PUBLIC,PERFORM_CAP_GSK__perform_rx,C,71,BINGHAMTON,2511.2,0.0104652541081939,26.2803461164964,26.2803461164964,0,0,26.2803461164964,PERFORM Binghamton plant,high
S2_2025_WINTER_PEAK_PUBLIC,PERFORM_CAP_GSK__perform_rx,C,72,LAPEER,2511.2,0.0420433710156976,105.57931329462,105.57931329462,0,0,105.57931329462,Residual Zone-C plants allocated to Hillside/Lapeer proxies,medium
S2_2025_WINTER_PEAK_PUBLIC,PERFORM_CAP_GSK__perform_rx,B,53,ROCHESTER,288.8,1,288.8,288.8,0,0,288.8,All PERFORM Zone-B generation at retained Rochester proxy,medium
S2_2025_WINTER_PEAK_PUBLIC,PERFORM_CAP_GSK__perform_rx,A,54,NIAGARA W,1292.8,0.382185175153705,494.08899443871,494.08899443871,-5.6843418860808e-14,0,494.08899443871,PERFORM Niagara hydro plants,high
S2_2025_WINTER_PEAK_PUBLIC,PERFORM_CAP_GSK__perform_rx,A,55,NIAGARA E,1292.8,0.191092587576852,247.044497219355,247.044497219355,-2.8421709430404e-14,0,247.044497219355,PERFORM Niagara hydro plants,high
S2_2025_WINTER_PEAK_PUBLIC,PERFORM_CAP_GSK__perform_rx,A,56,HUNTLEY,1292.8,0.3012848165981,389.501010898024,389.501010898024,-5.6843418860808e-14,0,389.501010898024,Residual Zone-A plants allocated to Huntley/Dunkirk proxies,medium
S2_2025_WINTER_PEAK_PUBLIC,PERFORM_CAP_GSK__perform_rx,A,57,HUNTLEY,1292.8,0.00871229543477941,11.2632555380828,11.2632555380828,-1.77635683940025e-15,0,11.2632555380828,Residual Zone-A plants allocated to Huntley/Dunkirk proxies,medium
S2_2025_WINTER_PEAK_PUBLIC,PERFORM_CAP_GSK__perform_rx,A,60,DUNKIRK,1292.8,0.036229555911566,46.8375698824726,46.8375698824726,-7.105427357601e-15,0,46.8375698824726,Residual Zone-A plants allocated to Huntley/Dunkirk proxies,medium
S2_2025_WINTER_PEAK_PUBLIC,PERFORM_CAP_GSK__perform_rx,A,61,DUNKIRK,1292.8,0.0804955693249973,104.064672023357,104.064672023357,-1.4210854715202e-14,0,104.064672023357,Residual Zone-A plants allocated to Huntley/Dunkirk proxies,medium
S2_2025_WINTER_PEAK_PUBLIC,PERFORM_CAP_GSK__perform_rx,I,78,CE UG,0,1,0,0,0,0,565.099092,PERFORM Zone-I residual at CE UG interface proxy,low
S2_2025_WINTER_PEAK_PUBLIC,PERFORM_CAP_GSK__perform_rx,J,79,RAV A-3,2221.08603951382,0.706420369463462,1569.02042064349,1569.02042064349,0,0,2964.90100995997,PERFORM Ravenswood/Astoria generation cluster,high
S2_2025_WINTER_PEAK_PUBLIC,PERFORM_CAP_GSK__perform_rx,J,81,GOETHALS,2221.08603951382,0.165299657210587,367.144760966855,367.144760966855,0,0,693.775465424283,Residual Zone-J generation at Goethals/Gowanus proxy,medium
S2_2025_WINTER_PEAK_PUBLIC,PERFORM_CAP_GSK__perform_rx,J,82,AK-3,2221.08603951382,0.128279973325951,284.920857903474,284.920857903474,0,0,538.40098461575,PERFORM Arthur-Kill/Narrows generation cluster,high
S2_2025_WINTER_PEAK_PUBLIC,PERFORM_CAP_GSK__perform_rx,K,80,NORTHPORT,1286.64264940708,0.284679453396702,366.28072615009,366.28072615009,0,0,678.940381470316,PERFORM Northport plant,high
S2_2025_WINTER_PEAK_PUBLIC,PERFORM_CAP_GSK__perform_rx,K,9003,EAST GARDEN CITY,1286.64264940708,0.715320546603298,920.361923256985,920.361923256985,0,0,1705.98896052968,Residual Zone-K plants at East Garden City proxy,medium
S2_2025_WINTER_PEAK_PUBLIC,PERFORM_CAP_GSK__perform_rx,E,43,EDIC,0,0.666666666666667,0,0,0,0,400,PERFORM Zone-E total allocated to Edic/Porter equivalents,low
S2_2025_WINTER_PEAK_PUBLIC,PERFORM_CAP_GSK__perform_rx,E,44,PORTER,0,0.333333333333333,0,0,0,0,200,PERFORM Zone-E total allocated to Edic/Porter equivalents,low
S2_2025_WINTER_PEAK_PUBLIC,PERFORM_CAP_GSK__perform_rx,G,39,LEEDS,506.685719970448,0.408278691528877,206.868982765902,206.868982765902,0,0,898.21312136353,PERFORM Athens/South-Cairo/West-Coxsackie cluster,medium
S2_2025_WINTER_PEAK_PUBLIC,PERFORM_CAP_GSK__perform_rx,G,73,PLEASANT VLY,506.685719970448,0.358300196665811,181.54559311317,181.54559311317,0,0,788.260432664784,PERFORM Roseton/CPV-Valley cluster,medium
S2_2025_WINTER_PEAK_PUBLIC,PERFORM_CAP_GSK__perform_rx,G,76,RAMAPO,506.685719970448,0.233421111805312,118.271144091377,118.271144091377,0,0,513.526445971687,Residual Zone-G plants at Ramapo proxy,medium
S2_2025_WINTER_PEAK_PUBLIC,PERFORM_CAP_GSK__perform_rxb,F,37,NEW SEATHED,643.409240767239,0.210302229460617,135.310397788913,135.310397788913,0,0,455.936073628024,Residual Zone-F plants at New Scotland proxy,medium
S2_2025_WINTER_PEAK_PUBLIC,PERFORM_CAP_GSK__perform_rxb,F,38,GILBOA,643.409240767239,0.28871900454521,185.764475509507,185.764475509507,0,0,625.943955286439,PERFORM Blenheim-Gilboa plant,high
S2_2025_WINTER_PEAK_PUBLIC,PERFORM_CAP_GSK__perform_rxb,F,41,ROTTERDAM,643.409240767239,0.099654470089088,64.1186069390816,64.1186069390816,0,0,216.051289272751,PERFORM Selkirk cluster at Rotterdam proxy,medium
S2_2025_WINTER_PEAK_PUBLIC,PERFORM_CAP_GSK__perform_rxb,F,42,ALBANY,643.409240767239,0.401324295905085,258.215760529738,258.215760529738,0,0,870.072676812786,PERFORM Bethlehem/Empire Capital-region cluster,medium
S2_2025_WINTER_PEAK_PUBLIC,PERFORM_CAP_GSK__perform_rxb,D,47,MOSES W,984.9807077,0.959329106258799,944.920662,944.920662,0,0,944.920662,PERFORM Zone-D total allocated to Moses W/E proxies,low
S2_2025_WINTER_PEAK_PUBLIC,PERFORM_CAP_GSK__perform_rxb,D,48,MOSES E,984.9807077,0.0406708937412013,40.0600457,40.0600457,0,0,40.0600457,PERFORM Zone-D total allocated to Moses W/E proxies,low
S2_2025_WINTER_PEAK_PUBLIC,PERFORM_CAP_GSK__perform_rxb,C,50,CLAY,2511.2,0.682385315127198,1713.60600334742,1713.60600334742,0,0,1713.60600334742,PERFORM Nine Mile/Fitzpatrick/Independence/Oswego cluster,high
S2_2025_WINTER_PEAK_PUBLIC,PERFORM_CAP_GSK__perform_rxb,C,51,CLAY,2511.2,0.180824507709693,454.08650376058,454.08650376058,0,0,454.08650376058,PERFORM Nine Mile/Fitzpatrick/Independence/Oswego cluster,high
S2_2025_WINTER_PEAK_PUBLIC,PERFORM_CAP_GSK__perform_rxb,C,65,GESONIDGE,2511.2,0.024572506913824,61.7064793619949,61.7064793619949,0,0,61.7064793619949,PERFORM Greenidge plant,high
S2_2025_WINTER_PEAK_PUBLIC,PERFORM_CAP_GSK__perform_rxb,C,68,HILLSIDE,2511.2,0.0597090451253934,149.941354118888,149.941354118888,0,0,149.941354118888,Residual Zone-C plants allocated to Hillside/Lapeer proxies,medium
S2_2025_WINTER_PEAK_PUBLIC,PERFORM_CAP_GSK__perform_rxb,C,71,BINGHAMTON,2511.2,0.0104652541081939,26.2803461164964,26.2803461164964,0,0,26.2803461164964,PERFORM Binghamton plant,high
S2_2025_WINTER_PEAK_PUBLIC,PERFORM_CAP_GSK__perform_rxb,C,72,LAPEER,2511.2,0.0420433710156976,105.57931329462,105.57931329462,0,0,105.57931329462,Residual Zone-C plants allocated to Hillside/Lapeer proxies,medium
S2_2025_WINTER_PEAK_PUBLIC,PERFORM_CAP_GSK__perform_rxb,B,53,ROCHESTER,288.8,1,288.8,288.8,0,0,288.8,All PERFORM Zone-B generation at retained Rochester proxy,medium
S2_2025_WINTER_PEAK_PUBLIC,PERFORM_CAP_GSK__perform_rxb,A,54,NIAGARA W,1292.8,0.382185175153705,494.08899443871,494.08899443871,-5.6843418860808e-14,0,494.08899443871,PERFORM Niagara hydro plants,high
S2_2025_WINTER_PEAK_PUBLIC,PERFORM_CAP_GSK__perform_rxb,A,55,NIAGARA E,1292.8,0.191092587576852,247.044497219355,247.044497219355,-2.8421709430404e-14,0,247.044497219355,PERFORM Niagara hydro plants,high
S2_2025_WINTER_PEAK_PUBLIC,PERFORM_CAP_GSK__perform_rxb,A,56,HUNTLEY,1292.8,0.3012848165981,389.501010898024,389.501010898024,-5.6843418860808e-14,0,389.501010898024,Residual Zone-A plants allocated to Huntley/Dunkirk proxies,medium
S2_2025_WINTER_PEAK_PUBLIC,PERFORM_CAP_GSK__perform_rxb,A,57,HUNTLEY,1292.8,0.00871229543477941,11.2632555380828,11.2632555380828,-1.77635683940025e-15,0,11.2632555380828,Residual Zone-A plants allocated to Huntley/Dunkirk proxies,medium
S2_2025_WINTER_PEAK_PUBLIC,PERFORM_CAP_GSK__perform_rxb,A,60,DUNKIRK,1292.8,0.036229555911566,46.8375698824726,46.8375698824726,-7.105427357601e-15,0,46.8375698824726,Residual Zone-A plants allocated to Huntley/Dunkirk proxies,medium
S2_2025_WINTER_PEAK_PUBLIC,PERFORM_CAP_GSK__perform_rxb,A,61,DUNKIRK,1292.8,0.0804955693249973,104.064672023357,104.064672023357,-1.4210854715202e-14,0,104.064672023357,Residual Zone-A plants allocated to Huntley/Dunkirk proxies,medium
S2_2025_WINTER_PEAK_PUBLIC,PERFORM_CAP_GSK__perform_rxb,I,78,CE UG,0,1,0,0,0,0,565.099092,PERFORM Zone-I residual at CE UG interface proxy,low
S2_2025_WINTER_PEAK_PUBLIC,PERFORM_CAP_GSK__perform_rxb,J,79,RAV A-3,2221.08603951382,0.706420369463462,1569.02042064349,1569.02042064349,0,0,2964.90100995997,PERFORM Ravenswood/Astoria generation cluster,high
S2_2025_WINTER_PEAK_PUBLIC,PERFORM_CAP_GSK__perform_rxb,J,81,GOETHALS,2221.08603951382,0.165299657210587,367.144760966855,367.144760966855,0,0,693.775465424283,Residual Zone-J generation at Goethals/Gowanus proxy,medium
S2_2025_WINTER_PEAK_PUBLIC,PERFORM_CAP_GSK__perform_rxb,J,82,AK-3,2221.08603951382,0.128279973325951,284.920857903474,284.920857903474,0,0,538.40098461575,PERFORM Arthur-Kill/Narrows generation cluster,high
S2_2025_WINTER_PEAK_PUBLIC,PERFORM_CAP_GSK__perform_rxb,K,80,NORTHPORT,1286.64264940708,0.284679453396702,366.28072615009,366.28072615009,0,0,678.940381470316,PERFORM Northport plant,high
S2_2025_WINTER_PEAK_PUBLIC,PERFORM_CAP_GSK__perform_rxb,K,9003,EAST GARDEN CITY,1286.64264940708,0.715320546603298,920.361923256985,920.361923256985,0,0,1705.98896052968,Residual Zone-K plants at East Garden City proxy,medium
S2_2025_WINTER_PEAK_PUBLIC,PERFORM_CAP_GSK__perform_rxb,E,43,EDIC,0,0.666666666666667,0,0,0,0,400,PERFORM Zone-E total allocated to Edic/Porter equivalents,low
S2_2025_WINTER_PEAK_PUBLIC,PERFORM_CAP_GSK__perform_rxb,E,44,PORTER,0,0.333333333333333,0,0,0,0,200,PERFORM Zone-E total allocated to Edic/Porter equivalents,low
S2_2025_WINTER_PEAK_PUBLIC,PERFORM_CAP_GSK__perform_rxb,G,39,LEEDS,506.685719970448,0.408278691528877,206.868982765902,206.868982765902,0,0,898.21312136353,PERFORM Athens/South-Cairo/West-Coxsackie cluster,medium
S2_2025_WINTER_PEAK_PUBLIC,PERFORM_CAP_GSK__perform_rxb,G,73,PLEASANT VLY,506.685719970448,0.358300196665811,181.54559311317,181.54559311317,0,0,788.260432664784,PERFORM Roseton/CPV-Valley cluster,medium
S2_2025_WINTER_PEAK_PUBLIC,PERFORM_CAP_GSK__perform_rxb,G,76,RAMAPO,506.685719970448,0.233421111805312,118.271144091377,118.271144091377,0,0,513.526445971687,Residual Zone-G plants at Ramapo proxy,medium
S3_2025_SHOULDER_LIGHT_LOAD_PUBLIC,S4_GSK__current,F,42,ALBANY,889.017659660803,NaN,601.382853653601,601.382853653601,0,0,1068.003995,S4 ACOPF bus dispatch,reference
S3_2025_SHOULDER_LIGHT_LOAD_PUBLIC,S4_GSK__current,D,47,MOSES W,984.9807077,NaN,944.920662,944.920662,0,0,944.920662,S4 ACOPF bus dispatch,reference
S3_2025_SHOULDER_LIGHT_LOAD_PUBLIC,S4_GSK__current,D,48,MOSES E,984.9807077,NaN,40.0600457,40.0600457,0,0,40.0600457,S4 ACOPF bus dispatch,reference
S3_2025_SHOULDER_LIGHT_LOAD_PUBLIC,S4_GSK__current,C,50,CLAY,2511.2,NaN,1105.24857748821,1105.24857748821,0,0,1105.24857748821,S4 ACOPF bus dispatch,reference
S3_2025_SHOULDER_LIGHT_LOAD_PUBLIC,S4_GSK__current,C,51,CLAY,2511.2,NaN,292.878562141814,292.878562141814,0,0,292.878562141814,S4 ACOPF bus dispatch,reference
S3_2025_SHOULDER_LIGHT_LOAD_PUBLIC,S4_GSK__current,B,53,ROCHESTER,288.8,NaN,288.8,288.8,0,0,288.8,S4 ACOPF bus dispatch,reference
S3_2025_SHOULDER_LIGHT_LOAD_PUBLIC,S4_GSK__current,A,54,NIAGARA W,1292.8,NaN,394.385301787287,394.385301787287,0,0,394.385301787287,S4 ACOPF bus dispatch,reference
S3_2025_SHOULDER_LIGHT_LOAD_PUBLIC,S4_GSK__current,A,55,NIAGARA E,1292.8,NaN,197.192650893643,197.192650893643,0,0,197.192650893643,S4 ACOPF bus dispatch,reference
S3_2025_SHOULDER_LIGHT_LOAD_PUBLIC,S4_GSK__current,A,56,HUNTLEY,1292.8,NaN,495.093851384339,495.093851384339,0,0,495.093851384339,S4 ACOPF bus dispatch,reference
S3_2025_SHOULDER_LIGHT_LOAD_PUBLIC,S4_GSK__current,A,57,HUNTLEY,1292.8,NaN,14.3166985641929,14.3166985641929,0,0,14.3166985641929,S4 ACOPF bus dispatch,reference
S3_2025_SHOULDER_LIGHT_LOAD_PUBLIC,S4_GSK__current,A,60,DUNKIRK,1292.8,NaN,59.5351288283759,59.5351288283759,0,0,59.5351288283759,S4 ACOPF bus dispatch,reference
S3_2025_SHOULDER_LIGHT_LOAD_PUBLIC,S4_GSK__current,A,61,DUNKIRK,1292.8,NaN,132.276368542162,132.276368542162,0,0,132.276368542162,S4 ACOPF bus dispatch,reference
S3_2025_SHOULDER_LIGHT_LOAD_PUBLIC,S4_GSK__current,C,65,GESONIDGE,2511.2,NaN,7.481832143219,7.481832143219,0,0,7.481832143219,S4 ACOPF bus dispatch,reference
S3_2025_SHOULDER_LIGHT_LOAD_PUBLIC,S4_GSK__current,C,68,HILLSIDE,2511.2,NaN,271.054008885173,271.054008885173,0,0,271.054008885173,S4 ACOPF bus dispatch,reference
S3_2025_SHOULDER_LIGHT_LOAD_PUBLIC,S4_GSK__current,C,71,BINGHAMTON,2511.2,NaN,643.677757785503,643.677757785503,0,0,643.677757785503,S4 ACOPF bus dispatch,reference
S3_2025_SHOULDER_LIGHT_LOAD_PUBLIC,S4_GSK__current,C,72,LAPEER,2511.2,NaN,190.859261556085,190.859261556085,0,0,190.859261556085,S4 ACOPF bus dispatch,reference
S3_2025_SHOULDER_LIGHT_LOAD_PUBLIC,S4_GSK__current,I,78,CE UG,0,NaN,0,0,0,0,565.099092,S4 ACOPF bus dispatch,reference
S3_2025_SHOULDER_LIGHT_LOAD_PUBLIC,S4_GSK__current,J,79,RAV A-3,2622.50983032002,NaN,1057.35045339108,1057.35045339108,0,0,1777.453484,S4 ACOPF bus dispatch,reference
S3_2025_SHOULDER_LIGHT_LOAD_PUBLIC,S4_GSK__current,K,80,NORTHPORT,1478.43947641164,NaN,1041.77140928005,1041.77140928005,0,0,1784.929342,S4 ACOPF bus dispatch,reference
S3_2025_SHOULDER_LIGHT_LOAD_PUBLIC,S4_GSK__current,J,82,AK-3,2622.50983032002,NaN,1106.06928771024,1106.06928771024,0,0,1519.623976,S4 ACOPF bus dispatch,reference
S3_2025_SHOULDER_LIGHT_LOAD_PUBLIC,S4_GSK__current,J,81,GOETHALS,2622.50983032002,NaN,459.090089218702,459.090089218702,0,0,900,S4 ACOPF bus dispatch,reference
S3_2025_SHOULDER_LIGHT_LOAD_PUBLIC,S4_GSK__current,E,43,EDIC,59.9217497332488,NaN,21.644860205438,21.644860205438,0,0,400,S4 ACOPF bus dispatch,reference
S3_2025_SHOULDER_LIGHT_LOAD_PUBLIC,S4_GSK__current,E,44,PORTER,59.9217497332488,NaN,38.2768895278108,38.2768895278108,0,0,200,S4 ACOPF bus dispatch,reference
S3_2025_SHOULDER_LIGHT_LOAD_PUBLIC,S4_GSK__current,F,38,GILBOA,889.017659660803,NaN,91.8226660458599,91.8226660458599,0,0,500,S4 ACOPF bus dispatch,reference
S3_2025_SHOULDER_LIGHT_LOAD_PUBLIC,S4_GSK__current,F,41,ROTTERDAM,889.017659660803,NaN,98.9849541266362,98.9849541266362,0,0,300,S4 ACOPF bus dispatch,reference
S3_2025_SHOULDER_LIGHT_LOAD_PUBLIC,S4_GSK__current,F,37,NEW SEATHED,889.017659660803,NaN,96.8271858347068,96.8271858347068,0,0,300,S4 ACOPF bus dispatch,reference
S3_2025_SHOULDER_LIGHT_LOAD_PUBLIC,S4_GSK__current,G,73,PLEASANT VLY,834.711001373931,NaN,288.447240764726,288.447240764726,0,0,900,S4 ACOPF bus dispatch,reference
S3_2025_SHOULDER_LIGHT_LOAD_PUBLIC,S4_GSK__current,G,76,RAMAPO,834.711001373931,NaN,376.07697248077,376.07697248077,0,0,700,S4 ACOPF bus dispatch,reference
S3_2025_SHOULDER_LIGHT_LOAD_PUBLIC,S4_GSK__current,G,39,LEEDS,834.711001373931,NaN,170.186788128435,170.186788128435,0,0,600,S4 ACOPF bus dispatch,reference
S3_2025_SHOULDER_LIGHT_LOAD_PUBLIC,S4_GSK__current,K,9003,EAST GARDEN CITY,1478.43947641164,NaN,436.668067131591,436.668067131591,0,0,600,S4 ACOPF bus dispatch,reference
S3_2025_SHOULDER_LIGHT_LOAD_PUBLIC,S4_GSK__perform_rx,F,42,ALBANY,889.017659660803,NaN,601.382853653601,601.382853653601,0,0,1068.003995,S4 ACOPF bus dispatch,reference
S3_2025_SHOULDER_LIGHT_LOAD_PUBLIC,S4_GSK__perform_rx,D,47,MOSES W,984.9807077,NaN,944.920662,944.920662,0,0,944.920662,S4 ACOPF bus dispatch,reference
S3_2025_SHOULDER_LIGHT_LOAD_PUBLIC,S4_GSK__perform_rx,D,48,MOSES E,984.9807077,NaN,40.0600457,40.0600457,0,0,40.0600457,S4 ACOPF bus dispatch,reference
S3_2025_SHOULDER_LIGHT_LOAD_PUBLIC,S4_GSK__perform_rx,C,50,CLAY,2511.2,NaN,1105.24857748821,1105.24857748821,0,0,1105.24857748821,S4 ACOPF bus dispatch,reference
S3_2025_SHOULDER_LIGHT_LOAD_PUBLIC,S4_GSK__perform_rx,C,51,CLAY,2511.2,NaN,292.878562141814,292.878562141814,0,0,292.878562141814,S4 ACOPF bus dispatch,reference
S3_2025_SHOULDER_LIGHT_LOAD_PUBLIC,S4_GSK__perform_rx,B,53,ROCHESTER,288.8,NaN,288.8,288.8,0,0,288.8,S4 ACOPF bus dispatch,reference
S3_2025_SHOULDER_LIGHT_LOAD_PUBLIC,S4_GSK__perform_rx,A,54,NIAGARA W,1292.8,NaN,394.385301787287,394.385301787287,0,0,394.385301787287,S4 ACOPF bus dispatch,reference
S3_2025_SHOULDER_LIGHT_LOAD_PUBLIC,S4_GSK__perform_rx,A,55,NIAGARA E,1292.8,NaN,197.192650893643,197.192650893643,0,0,197.192650893643,S4 ACOPF bus dispatch,reference
S3_2025_SHOULDER_LIGHT_LOAD_PUBLIC,S4_GSK__perform_rx,A,56,HUNTLEY,1292.8,NaN,495.093851384339,495.093851384339,0,0,495.093851384339,S4 ACOPF bus dispatch,reference
S3_2025_SHOULDER_LIGHT_LOAD_PUBLIC,S4_GSK__perform_rx,A,57,HUNTLEY,1292.8,NaN,14.3166985641929,14.3166985641929,0,0,14.3166985641929,S4 ACOPF bus dispatch,reference
S3_2025_SHOULDER_LIGHT_LOAD_PUBLIC,S4_GSK__perform_rx,A,60,DUNKIRK,1292.8,NaN,59.5351288283759,59.5351288283759,0,0,59.5351288283759,S4 ACOPF bus dispatch,reference
S3_2025_SHOULDER_LIGHT_LOAD_PUBLIC,S4_GSK__perform_rx,A,61,DUNKIRK,1292.8,NaN,132.276368542162,132.276368542162,0,0,132.276368542162,S4 ACOPF bus dispatch,reference
S3_2025_SHOULDER_LIGHT_LOAD_PUBLIC,S4_GSK__perform_rx,C,65,GESONIDGE,2511.2,NaN,7.481832143219,7.481832143219,0,0,7.481832143219,S4 ACOPF bus dispatch,reference
S3_2025_SHOULDER_LIGHT_LOAD_PUBLIC,S4_GSK__perform_rx,C,68,HILLSIDE,2511.2,NaN,271.054008885173,271.054008885173,0,0,271.054008885173,S4 ACOPF bus dispatch,reference
S3_2025_SHOULDER_LIGHT_LOAD_PUBLIC,S4_GSK__perform_rx,C,71,BINGHAMTON,2511.2,NaN,643.677757785503,643.677757785503,0,0,643.677757785503,S4 ACOPF bus dispatch,reference
S3_2025_SHOULDER_LIGHT_LOAD_PUBLIC,S4_GSK__perform_rx,C,72,LAPEER,2511.2,NaN,190.859261556085,190.859261556085,0,0,190.859261556085,S4 ACOPF bus dispatch,reference
S3_2025_SHOULDER_LIGHT_LOAD_PUBLIC,S4_GSK__perform_rx,I,78,CE UG,0,NaN,0,0,0,0,565.099092,S4 ACOPF bus dispatch,reference
S3_2025_SHOULDER_LIGHT_LOAD_PUBLIC,S4_GSK__perform_rx,J,79,RAV A-3,2622.50983032002,NaN,1057.35045339108,1057.35045339108,0,0,1777.453484,S4 ACOPF bus dispatch,reference
S3_2025_SHOULDER_LIGHT_LOAD_PUBLIC,S4_GSK__perform_rx,K,80,NORTHPORT,1478.43947641164,NaN,1041.77140928005,1041.77140928005,0,0,1784.929342,S4 ACOPF bus dispatch,reference
S3_2025_SHOULDER_LIGHT_LOAD_PUBLIC,S4_GSK__perform_rx,J,82,AK-3,2622.50983032002,NaN,1106.06928771024,1106.06928771024,0,0,1519.623976,S4 ACOPF bus dispatch,reference
S3_2025_SHOULDER_LIGHT_LOAD_PUBLIC,S4_GSK__perform_rx,J,81,GOETHALS,2622.50983032002,NaN,459.090089218702,459.090089218702,0,0,900,S4 ACOPF bus dispatch,reference
S3_2025_SHOULDER_LIGHT_LOAD_PUBLIC,S4_GSK__perform_rx,E,43,EDIC,59.9217497332488,NaN,21.644860205438,21.644860205438,0,0,400,S4 ACOPF bus dispatch,reference
S3_2025_SHOULDER_LIGHT_LOAD_PUBLIC,S4_GSK__perform_rx,E,44,PORTER,59.9217497332488,NaN,38.2768895278108,38.2768895278108,0,0,200,S4 ACOPF bus dispatch,reference
S3_2025_SHOULDER_LIGHT_LOAD_PUBLIC,S4_GSK__perform_rx,F,38,GILBOA,889.017659660803,NaN,91.8226660458599,91.8226660458599,0,0,500,S4 ACOPF bus dispatch,reference
S3_2025_SHOULDER_LIGHT_LOAD_PUBLIC,S4_GSK__perform_rx,F,41,ROTTERDAM,889.017659660803,NaN,98.9849541266362,98.9849541266362,0,0,300,S4 ACOPF bus dispatch,reference
S3_2025_SHOULDER_LIGHT_LOAD_PUBLIC,S4_GSK__perform_rx,F,37,NEW SEATHED,889.017659660803,NaN,96.8271858347068,96.8271858347068,0,0,300,S4 ACOPF bus dispatch,reference
S3_2025_SHOULDER_LIGHT_LOAD_PUBLIC,S4_GSK__perform_rx,G,73,PLEASANT VLY,834.711001373931,NaN,288.447240764726,288.447240764726,0,0,900,S4 ACOPF bus dispatch,reference
S3_2025_SHOULDER_LIGHT_LOAD_PUBLIC,S4_GSK__perform_rx,G,76,RAMAPO,834.711001373931,NaN,376.07697248077,376.07697248077,0,0,700,S4 ACOPF bus dispatch,reference
S3_2025_SHOULDER_LIGHT_LOAD_PUBLIC,S4_GSK__perform_rx,G,39,LEEDS,834.711001373931,NaN,170.186788128435,170.186788128435,0,0,600,S4 ACOPF bus dispatch,reference
S3_2025_SHOULDER_LIGHT_LOAD_PUBLIC,S4_GSK__perform_rx,K,9003,EAST GARDEN CITY,1478.43947641164,NaN,436.668067131591,436.668067131591,0,0,600,S4 ACOPF bus dispatch,reference
S3_2025_SHOULDER_LIGHT_LOAD_PUBLIC,S4_GSK__perform_rxb,F,42,ALBANY,889.017659660803,NaN,601.382853653601,601.382853653601,0,0,1068.003995,S4 ACOPF bus dispatch,reference
S3_2025_SHOULDER_LIGHT_LOAD_PUBLIC,S4_GSK__perform_rxb,D,47,MOSES W,984.9807077,NaN,944.920662,944.920662,0,0,944.920662,S4 ACOPF bus dispatch,reference
S3_2025_SHOULDER_LIGHT_LOAD_PUBLIC,S4_GSK__perform_rxb,D,48,MOSES E,984.9807077,NaN,40.0600457,40.0600457,0,0,40.0600457,S4 ACOPF bus dispatch,reference
S3_2025_SHOULDER_LIGHT_LOAD_PUBLIC,S4_GSK__perform_rxb,C,50,CLAY,2511.2,NaN,1105.24857748821,1105.24857748821,0,0,1105.24857748821,S4 ACOPF bus dispatch,reference
S3_2025_SHOULDER_LIGHT_LOAD_PUBLIC,S4_GSK__perform_rxb,C,51,CLAY,2511.2,NaN,292.878562141814,292.878562141814,0,0,292.878562141814,S4 ACOPF bus dispatch,reference
S3_2025_SHOULDER_LIGHT_LOAD_PUBLIC,S4_GSK__perform_rxb,B,53,ROCHESTER,288.8,NaN,288.8,288.8,0,0,288.8,S4 ACOPF bus dispatch,reference
S3_2025_SHOULDER_LIGHT_LOAD_PUBLIC,S4_GSK__perform_rxb,A,54,NIAGARA W,1292.8,NaN,394.385301787287,394.385301787287,0,0,394.385301787287,S4 ACOPF bus dispatch,reference
S3_2025_SHOULDER_LIGHT_LOAD_PUBLIC,S4_GSK__perform_rxb,A,55,NIAGARA E,1292.8,NaN,197.192650893643,197.192650893643,0,0,197.192650893643,S4 ACOPF bus dispatch,reference
S3_2025_SHOULDER_LIGHT_LOAD_PUBLIC,S4_GSK__perform_rxb,A,56,HUNTLEY,1292.8,NaN,495.093851384339,495.093851384339,0,0,495.093851384339,S4 ACOPF bus dispatch,reference
S3_2025_SHOULDER_LIGHT_LOAD_PUBLIC,S4_GSK__perform_rxb,A,57,HUNTLEY,1292.8,NaN,14.3166985641929,14.3166985641929,0,0,14.3166985641929,S4 ACOPF bus dispatch,reference
S3_2025_SHOULDER_LIGHT_LOAD_PUBLIC,S4_GSK__perform_rxb,A,60,DUNKIRK,1292.8,NaN,59.5351288283759,59.5351288283759,0,0,59.5351288283759,S4 ACOPF bus dispatch,reference
S3_2025_SHOULDER_LIGHT_LOAD_PUBLIC,S4_GSK__perform_rxb,A,61,DUNKIRK,1292.8,NaN,132.276368542162,132.276368542162,0,0,132.276368542162,S4 ACOPF bus dispatch,reference
S3_2025_SHOULDER_LIGHT_LOAD_PUBLIC,S4_GSK__perform_rxb,C,65,GESONIDGE,2511.2,NaN,7.481832143219,7.481832143219,0,0,7.481832143219,S4 ACOPF bus dispatch,reference
S3_2025_SHOULDER_LIGHT_LOAD_PUBLIC,S4_GSK__perform_rxb,C,68,HILLSIDE,2511.2,NaN,271.054008885173,271.054008885173,0,0,271.054008885173,S4 ACOPF bus dispatch,reference
S3_2025_SHOULDER_LIGHT_LOAD_PUBLIC,S4_GSK__perform_rxb,C,71,BINGHAMTON,2511.2,NaN,643.677757785503,643.677757785503,0,0,643.677757785503,S4 ACOPF bus dispatch,reference
S3_2025_SHOULDER_LIGHT_LOAD_PUBLIC,S4_GSK__perform_rxb,C,72,LAPEER,2511.2,NaN,190.859261556085,190.859261556085,0,0,190.859261556085,S4 ACOPF bus dispatch,reference
S3_2025_SHOULDER_LIGHT_LOAD_PUBLIC,S4_GSK__perform_rxb,I,78,CE UG,0,NaN,0,0,0,0,565.099092,S4 ACOPF bus dispatch,reference
S3_2025_SHOULDER_LIGHT_LOAD_PUBLIC,S4_GSK__perform_rxb,J,79,RAV A-3,2622.50983032002,NaN,1057.35045339108,1057.35045339108,0,0,1777.453484,S4 ACOPF bus dispatch,reference
S3_2025_SHOULDER_LIGHT_LOAD_PUBLIC,S4_GSK__perform_rxb,K,80,NORTHPORT,1478.43947641164,NaN,1041.77140928005,1041.77140928005,0,0,1784.929342,S4 ACOPF bus dispatch,reference
S3_2025_SHOULDER_LIGHT_LOAD_PUBLIC,S4_GSK__perform_rxb,J,82,AK-3,2622.50983032002,NaN,1106.06928771024,1106.06928771024,0,0,1519.623976,S4 ACOPF bus dispatch,reference
S3_2025_SHOULDER_LIGHT_LOAD_PUBLIC,S4_GSK__perform_rxb,J,81,GOETHALS,2622.50983032002,NaN,459.090089218702,459.090089218702,0,0,900,S4 ACOPF bus dispatch,reference
S3_2025_SHOULDER_LIGHT_LOAD_PUBLIC,S4_GSK__perform_rxb,E,43,EDIC,59.9217497332488,NaN,21.644860205438,21.644860205438,0,0,400,S4 ACOPF bus dispatch,reference
S3_2025_SHOULDER_LIGHT_LOAD_PUBLIC,S4_GSK__perform_rxb,E,44,PORTER,59.9217497332488,NaN,38.2768895278108,38.2768895278108,0,0,200,S4 ACOPF bus dispatch,reference
S3_2025_SHOULDER_LIGHT_LOAD_PUBLIC,S4_GSK__perform_rxb,F,38,GILBOA,889.017659660803,NaN,91.8226660458599,91.8226660458599,0,0,500,S4 ACOPF bus dispatch,reference
S3_2025_SHOULDER_LIGHT_LOAD_PUBLIC,S4_GSK__perform_rxb,F,41,ROTTERDAM,889.017659660803,NaN,98.9849541266362,98.9849541266362,0,0,300,S4 ACOPF bus dispatch,reference
S3_2025_SHOULDER_LIGHT_LOAD_PUBLIC,S4_GSK__perform_rxb,F,37,NEW SEATHED,889.017659660803,NaN,96.8271858347068,96.8271858347068,0,0,300,S4 ACOPF bus dispatch,reference
S3_2025_SHOULDER_LIGHT_LOAD_PUBLIC,S4_GSK__perform_rxb,G,73,PLEASANT VLY,834.711001373931,NaN,288.447240764726,288.447240764726,0,0,900,S4 ACOPF bus dispatch,reference
S3_2025_SHOULDER_LIGHT_LOAD_PUBLIC,S4_GSK__perform_rxb,G,76,RAMAPO,834.711001373931,NaN,376.07697248077,376.07697248077,0,0,700,S4 ACOPF bus dispatch,reference
S3_2025_SHOULDER_LIGHT_LOAD_PUBLIC,S4_GSK__perform_rxb,G,39,LEEDS,834.711001373931,NaN,170.186788128435,170.186788128435,0,0,600,S4 ACOPF bus dispatch,reference
S3_2025_SHOULDER_LIGHT_LOAD_PUBLIC,S4_GSK__perform_rxb,K,9003,EAST GARDEN CITY,1478.43947641164,NaN,436.668067131591,436.668067131591,0,0,600,S4 ACOPF bus dispatch,reference
S3_2025_SHOULDER_LIGHT_LOAD_PUBLIC,PERFORM_GSK__current,F,37,NEW SEATHED,889.017659660803,0.210302229460617,186.962395856527,186.962395856527,0,0,300,Residual Zone-F plants at New Scotland proxy,medium
S3_2025_SHOULDER_LIGHT_LOAD_PUBLIC,PERFORM_GSK__current,F,38,GILBOA,889.017659660803,0.28871900454521,256.67629372038,256.67629372038,0,0,500,PERFORM Blenheim-Gilboa plant,high
S3_2025_SHOULDER_LIGHT_LOAD_PUBLIC,PERFORM_GSK__current,F,41,ROTTERDAM,889.017659660803,0.099654470089088,88.5945837733385,88.5945837733385,0,0,300,PERFORM Selkirk cluster at Rotterdam proxy,medium
S3_2025_SHOULDER_LIGHT_LOAD_PUBLIC,PERFORM_GSK__current,F,42,ALBANY,889.017659660803,0.401324295905085,356.784386310558,356.784386310558,0,0,1068.003995,PERFORM Bethlehem/Empire Capital-region cluster,medium
S3_2025_SHOULDER_LIGHT_LOAD_PUBLIC,PERFORM_GSK__current,D,47,MOSES W,984.9807077,0.959329106258799,944.920662,944.920662,0,0,944.920662,PERFORM Zone-D total allocated to Moses W/E proxies,low
S3_2025_SHOULDER_LIGHT_LOAD_PUBLIC,PERFORM_GSK__current,D,48,MOSES E,984.9807077,0.0406708937412013,40.0600457,40.0600457,0,0,40.0600457,PERFORM Zone-D total allocated to Moses W/E proxies,low
S3_2025_SHOULDER_LIGHT_LOAD_PUBLIC,PERFORM_GSK__current,C,50,CLAY,2511.2,0.682385315127198,1713.60600334742,1105.24857748821,-608.357425859215,0,1105.24857748821,PERFORM Nine Mile/Fitzpatrick/Independence/Oswego cluster,high
S3_2025_SHOULDER_LIGHT_LOAD_PUBLIC,PERFORM_GSK__current,C,51,CLAY,2511.2,0.180824507709693,454.08650376058,292.878562141814,-161.207941618766,0,292.878562141814,PERFORM Nine Mile/Fitzpatrick/Independence/Oswego cluster,high
S3_2025_SHOULDER_LIGHT_LOAD_PUBLIC,PERFORM_GSK__current,C,65,GESONIDGE,2511.2,0.024572506913824,61.7064793619949,7.481832143219,-54.2246472187759,0,7.481832143219,PERFORM Greenidge plant,high
S3_2025_SHOULDER_LIGHT_LOAD_PUBLIC,PERFORM_GSK__current,C,68,HILLSIDE,2511.2,0.0597090451253934,149.941354118888,271.054008885173,121.112654766285,0,271.054008885173,Residual Zone-C plants allocated to Hillside/Lapeer proxies,medium
S3_2025_SHOULDER_LIGHT_LOAD_PUBLIC,PERFORM_GSK__current,C,71,BINGHAMTON,2511.2,0.0104652541081939,26.2803461164964,643.677757785502,617.397411669006,0,643.677757785503,PERFORM Binghamton plant,high
S3_2025_SHOULDER_LIGHT_LOAD_PUBLIC,PERFORM_GSK__current,C,72,LAPEER,2511.2,0.0420433710156976,105.57931329462,190.859261556085,85.2799482614649,0,190.859261556085,Residual Zone-C plants allocated to Hillside/Lapeer proxies,medium
S3_2025_SHOULDER_LIGHT_LOAD_PUBLIC,PERFORM_GSK__current,B,53,ROCHESTER,288.8,1,288.8,288.8,0,0,288.8,All PERFORM Zone-B generation at retained Rochester proxy,medium
S3_2025_SHOULDER_LIGHT_LOAD_PUBLIC,PERFORM_GSK__current,A,54,NIAGARA W,1292.8,0.382185175153705,494.08899443871,394.385301787287,-99.7036926514231,0,394.385301787287,PERFORM Niagara hydro plants,high
S3_2025_SHOULDER_LIGHT_LOAD_PUBLIC,PERFORM_GSK__current,A,55,NIAGARA E,1292.8,0.191092587576852,247.044497219355,197.192650893643,-49.8518463257115,0,197.192650893643,PERFORM Niagara hydro plants,high
S3_2025_SHOULDER_LIGHT_LOAD_PUBLIC,PERFORM_GSK__current,A,56,HUNTLEY,1292.8,0.3012848165981,389.501010898024,495.093851384339,105.592840486315,0,495.093851384339,Residual Zone-A plants allocated to Huntley/Dunkirk proxies,medium
S3_2025_SHOULDER_LIGHT_LOAD_PUBLIC,PERFORM_GSK__current,A,57,HUNTLEY,1292.8,0.00871229543477941,11.2632555380828,14.3166985641929,3.05344302611005,0,14.3166985641929,Residual Zone-A plants allocated to Huntley/Dunkirk proxies,medium
S3_2025_SHOULDER_LIGHT_LOAD_PUBLIC,PERFORM_GSK__current,A,60,DUNKIRK,1292.8,0.036229555911566,46.8375698824726,59.5351288283759,12.6975589459033,0,59.5351288283759,Residual Zone-A plants allocated to Huntley/Dunkirk proxies,medium
S3_2025_SHOULDER_LIGHT_LOAD_PUBLIC,PERFORM_GSK__current,A,61,DUNKIRK,1292.8,0.0804955693249973,104.064672023357,132.276368542162,28.2116965188055,0,132.276368542162,Residual Zone-A plants allocated to Huntley/Dunkirk proxies,medium
S3_2025_SHOULDER_LIGHT_LOAD_PUBLIC,PERFORM_GSK__current,I,78,CE UG,0,1,0,0,0,0,565.099092,PERFORM Zone-I residual at CE UG interface proxy,low
S3_2025_SHOULDER_LIGHT_LOAD_PUBLIC,PERFORM_GSK__current,J,79,RAV A-3,2622.50983032002,0.706420369463462,1852.59436325623,1777.453484,-75.1408792562304,0,1777.453484,PERFORM Ravenswood/Astoria generation cluster,high
S3_2025_SHOULDER_LIGHT_LOAD_PUBLIC,PERFORM_GSK__current,J,81,GOETHALS,2622.50983032002,0.165299657210587,433.499975983295,454.7481066608,21.2481306775045,0,900,Residual Zone-J generation at Goethals/Gowanus proxy,medium
S3_2025_SHOULDER_LIGHT_LOAD_PUBLIC,PERFORM_GSK__current,J,82,AK-3,2622.50983032002,0.128279973325951,336.415491080497,390.308239659222,53.8927485787256,0,1519.623976,PERFORM Arthur-Kill/Narrows generation cluster,high
S3_2025_SHOULDER_LIGHT_LOAD_PUBLIC,PERFORM_GSK__current,K,80,NORTHPORT,1478.43947641164,0.284679453396702,420.881342024972,878.43947641164,457.558134386668,0,1784.929342,PERFORM Northport plant,high
S3_2025_SHOULDER_LIGHT_LOAD_PUBLIC,PERFORM_GSK__current,K,9003,EAST GARDEN CITY,1478.43947641164,0.715320546603298,1057.55813438667,600,-457.558134386668,0,600,Residual Zone-K plants at East Garden City proxy,medium
S3_2025_SHOULDER_LIGHT_LOAD_PUBLIC,PERFORM_GSK__current,E,43,EDIC,59.9217497332488,0.666666666666667,39.9478331554992,39.9478331554992,0,0,400,PERFORM Zone-E total allocated to Edic/Porter equivalents,low
S3_2025_SHOULDER_LIGHT_LOAD_PUBLIC,PERFORM_GSK__current,E,44,PORTER,59.9217497332488,0.333333333333333,19.9739165777496,19.9739165777496,0,0,200,PERFORM Zone-E total allocated to Edic/Porter equivalents,low
S3_2025_SHOULDER_LIGHT_LOAD_PUBLIC,PERFORM_GSK__current,G,39,LEEDS,834.711001373931,0.408278691528877,340.794715445707,340.794715445707,0,0,600,PERFORM Athens/South-Cairo/West-Coxsackie cluster,medium
S3_2025_SHOULDER_LIGHT_LOAD_PUBLIC,PERFORM_GSK__current,G,73,PLEASANT VLY,834.711001373931,0.358300196665811,299.077115951395,299.077115951395,0,0,900,PERFORM Roseton/CPV-Valley cluster,medium
S3_2025_SHOULDER_LIGHT_LOAD_PUBLIC,PERFORM_GSK__current,G,76,RAMAPO,834.711001373931,0.233421111805312,194.839169976828,194.839169976828,0,0,700,Residual Zone-G plants at Ramapo proxy,medium
S3_2025_SHOULDER_LIGHT_LOAD_PUBLIC,PERFORM_GSK__perform_rx,F,37,NEW SEATHED,889.017659660803,0.210302229460617,186.962395856527,186.962395856527,0,0,300,Residual Zone-F plants at New Scotland proxy,medium
S3_2025_SHOULDER_LIGHT_LOAD_PUBLIC,PERFORM_GSK__perform_rx,F,38,GILBOA,889.017659660803,0.28871900454521,256.67629372038,256.67629372038,0,0,500,PERFORM Blenheim-Gilboa plant,high
S3_2025_SHOULDER_LIGHT_LOAD_PUBLIC,PERFORM_GSK__perform_rx,F,41,ROTTERDAM,889.017659660803,0.099654470089088,88.5945837733385,88.5945837733385,0,0,300,PERFORM Selkirk cluster at Rotterdam proxy,medium
S3_2025_SHOULDER_LIGHT_LOAD_PUBLIC,PERFORM_GSK__perform_rx,F,42,ALBANY,889.017659660803,0.401324295905085,356.784386310558,356.784386310558,0,0,1068.003995,PERFORM Bethlehem/Empire Capital-region cluster,medium
S3_2025_SHOULDER_LIGHT_LOAD_PUBLIC,PERFORM_GSK__perform_rx,D,47,MOSES W,984.9807077,0.959329106258799,944.920662,944.920662,0,0,944.920662,PERFORM Zone-D total allocated to Moses W/E proxies,low
S3_2025_SHOULDER_LIGHT_LOAD_PUBLIC,PERFORM_GSK__perform_rx,D,48,MOSES E,984.9807077,0.0406708937412013,40.0600457,40.0600457,0,0,40.0600457,PERFORM Zone-D total allocated to Moses W/E proxies,low
S3_2025_SHOULDER_LIGHT_LOAD_PUBLIC,PERFORM_GSK__perform_rx,C,50,CLAY,2511.2,0.682385315127198,1713.60600334742,1105.24857748821,-608.357425859215,0,1105.24857748821,PERFORM Nine Mile/Fitzpatrick/Independence/Oswego cluster,high
S3_2025_SHOULDER_LIGHT_LOAD_PUBLIC,PERFORM_GSK__perform_rx,C,51,CLAY,2511.2,0.180824507709693,454.08650376058,292.878562141814,-161.207941618766,0,292.878562141814,PERFORM Nine Mile/Fitzpatrick/Independence/Oswego cluster,high
S3_2025_SHOULDER_LIGHT_LOAD_PUBLIC,PERFORM_GSK__perform_rx,C,65,GESONIDGE,2511.2,0.024572506913824,61.7064793619949,7.481832143219,-54.2246472187759,0,7.481832143219,PERFORM Greenidge plant,high
S3_2025_SHOULDER_LIGHT_LOAD_PUBLIC,PERFORM_GSK__perform_rx,C,68,HILLSIDE,2511.2,0.0597090451253934,149.941354118888,271.054008885173,121.112654766285,0,271.054008885173,Residual Zone-C plants allocated to Hillside/Lapeer proxies,medium
S3_2025_SHOULDER_LIGHT_LOAD_PUBLIC,PERFORM_GSK__perform_rx,C,71,BINGHAMTON,2511.2,0.0104652541081939,26.2803461164964,643.677757785502,617.397411669006,0,643.677757785503,PERFORM Binghamton plant,high
S3_2025_SHOULDER_LIGHT_LOAD_PUBLIC,PERFORM_GSK__perform_rx,C,72,LAPEER,2511.2,0.0420433710156976,105.57931329462,190.859261556085,85.2799482614649,0,190.859261556085,Residual Zone-C plants allocated to Hillside/Lapeer proxies,medium
S3_2025_SHOULDER_LIGHT_LOAD_PUBLIC,PERFORM_GSK__perform_rx,B,53,ROCHESTER,288.8,1,288.8,288.8,0,0,288.8,All PERFORM Zone-B generation at retained Rochester proxy,medium
S3_2025_SHOULDER_LIGHT_LOAD_PUBLIC,PERFORM_GSK__perform_rx,A,54,NIAGARA W,1292.8,0.382185175153705,494.08899443871,394.385301787287,-99.7036926514231,0,394.385301787287,PERFORM Niagara hydro plants,high
S3_2025_SHOULDER_LIGHT_LOAD_PUBLIC,PERFORM_GSK__perform_rx,A,55,NIAGARA E,1292.8,0.191092587576852,247.044497219355,197.192650893643,-49.8518463257115,0,197.192650893643,PERFORM Niagara hydro plants,high
S3_2025_SHOULDER_LIGHT_LOAD_PUBLIC,PERFORM_GSK__perform_rx,A,56,HUNTLEY,1292.8,0.3012848165981,389.501010898024,495.093851384339,105.592840486315,0,495.093851384339,Residual Zone-A plants allocated to Huntley/Dunkirk proxies,medium
S3_2025_SHOULDER_LIGHT_LOAD_PUBLIC,PERFORM_GSK__perform_rx,A,57,HUNTLEY,1292.8,0.00871229543477941,11.2632555380828,14.3166985641929,3.05344302611005,0,14.3166985641929,Residual Zone-A plants allocated to Huntley/Dunkirk proxies,medium
S3_2025_SHOULDER_LIGHT_LOAD_PUBLIC,PERFORM_GSK__perform_rx,A,60,DUNKIRK,1292.8,0.036229555911566,46.8375698824726,59.5351288283759,12.6975589459033,0,59.5351288283759,Residual Zone-A plants allocated to Huntley/Dunkirk proxies,medium
S3_2025_SHOULDER_LIGHT_LOAD_PUBLIC,PERFORM_GSK__perform_rx,A,61,DUNKIRK,1292.8,0.0804955693249973,104.064672023357,132.276368542162,28.2116965188055,0,132.276368542162,Residual Zone-A plants allocated to Huntley/Dunkirk proxies,medium
S3_2025_SHOULDER_LIGHT_LOAD_PUBLIC,PERFORM_GSK__perform_rx,I,78,CE UG,0,1,0,0,0,0,565.099092,PERFORM Zone-I residual at CE UG interface proxy,low
S3_2025_SHOULDER_LIGHT_LOAD_PUBLIC,PERFORM_GSK__perform_rx,J,79,RAV A-3,2622.50983032002,0.706420369463462,1852.59436325623,1777.453484,-75.1408792562304,0,1777.453484,PERFORM Ravenswood/Astoria generation cluster,high
S3_2025_SHOULDER_LIGHT_LOAD_PUBLIC,PERFORM_GSK__perform_rx,J,81,GOETHALS,2622.50983032002,0.165299657210587,433.499975983295,454.7481066608,21.2481306775045,0,900,Residual Zone-J generation at Goethals/Gowanus proxy,medium
S3_2025_SHOULDER_LIGHT_LOAD_PUBLIC,PERFORM_GSK__perform_rx,J,82,AK-3,2622.50983032002,0.128279973325951,336.415491080497,390.308239659222,53.8927485787256,0,1519.623976,PERFORM Arthur-Kill/Narrows generation cluster,high
S3_2025_SHOULDER_LIGHT_LOAD_PUBLIC,PERFORM_GSK__perform_rx,K,80,NORTHPORT,1478.43947641164,0.284679453396702,420.881342024972,878.43947641164,457.558134386668,0,1784.929342,PERFORM Northport plant,high
S3_2025_SHOULDER_LIGHT_LOAD_PUBLIC,PERFORM_GSK__perform_rx,K,9003,EAST GARDEN CITY,1478.43947641164,0.715320546603298,1057.55813438667,600,-457.558134386668,0,600,Residual Zone-K plants at East Garden City proxy,medium
S3_2025_SHOULDER_LIGHT_LOAD_PUBLIC,PERFORM_GSK__perform_rx,E,43,EDIC,59.9217497332488,0.666666666666667,39.9478331554992,39.9478331554992,0,0,400,PERFORM Zone-E total allocated to Edic/Porter equivalents,low
S3_2025_SHOULDER_LIGHT_LOAD_PUBLIC,PERFORM_GSK__perform_rx,E,44,PORTER,59.9217497332488,0.333333333333333,19.9739165777496,19.9739165777496,0,0,200,PERFORM Zone-E total allocated to Edic/Porter equivalents,low
S3_2025_SHOULDER_LIGHT_LOAD_PUBLIC,PERFORM_GSK__perform_rx,G,39,LEEDS,834.711001373931,0.408278691528877,340.794715445707,340.794715445707,0,0,600,PERFORM Athens/South-Cairo/West-Coxsackie cluster,medium
S3_2025_SHOULDER_LIGHT_LOAD_PUBLIC,PERFORM_GSK__perform_rx,G,73,PLEASANT VLY,834.711001373931,0.358300196665811,299.077115951395,299.077115951395,0,0,900,PERFORM Roseton/CPV-Valley cluster,medium
S3_2025_SHOULDER_LIGHT_LOAD_PUBLIC,PERFORM_GSK__perform_rx,G,76,RAMAPO,834.711001373931,0.233421111805312,194.839169976828,194.839169976828,0,0,700,Residual Zone-G plants at Ramapo proxy,medium
S3_2025_SHOULDER_LIGHT_LOAD_PUBLIC,PERFORM_GSK__perform_rxb,F,37,NEW SEATHED,889.017659660803,0.210302229460617,186.962395856527,186.962395856527,0,0,300,Residual Zone-F plants at New Scotland proxy,medium
S3_2025_SHOULDER_LIGHT_LOAD_PUBLIC,PERFORM_GSK__perform_rxb,F,38,GILBOA,889.017659660803,0.28871900454521,256.67629372038,256.67629372038,0,0,500,PERFORM Blenheim-Gilboa plant,high
S3_2025_SHOULDER_LIGHT_LOAD_PUBLIC,PERFORM_GSK__perform_rxb,F,41,ROTTERDAM,889.017659660803,0.099654470089088,88.5945837733385,88.5945837733385,0,0,300,PERFORM Selkirk cluster at Rotterdam proxy,medium
S3_2025_SHOULDER_LIGHT_LOAD_PUBLIC,PERFORM_GSK__perform_rxb,F,42,ALBANY,889.017659660803,0.401324295905085,356.784386310558,356.784386310558,0,0,1068.003995,PERFORM Bethlehem/Empire Capital-region cluster,medium
S3_2025_SHOULDER_LIGHT_LOAD_PUBLIC,PERFORM_GSK__perform_rxb,D,47,MOSES W,984.9807077,0.959329106258799,944.920662,944.920662,0,0,944.920662,PERFORM Zone-D total allocated to Moses W/E proxies,low
S3_2025_SHOULDER_LIGHT_LOAD_PUBLIC,PERFORM_GSK__perform_rxb,D,48,MOSES E,984.9807077,0.0406708937412013,40.0600457,40.0600457,0,0,40.0600457,PERFORM Zone-D total allocated to Moses W/E proxies,low
S3_2025_SHOULDER_LIGHT_LOAD_PUBLIC,PERFORM_GSK__perform_rxb,C,50,CLAY,2511.2,0.682385315127198,1713.60600334742,1105.24857748821,-608.357425859215,0,1105.24857748821,PERFORM Nine Mile/Fitzpatrick/Independence/Oswego cluster,high
S3_2025_SHOULDER_LIGHT_LOAD_PUBLIC,PERFORM_GSK__perform_rxb,C,51,CLAY,2511.2,0.180824507709693,454.08650376058,292.878562141814,-161.207941618766,0,292.878562141814,PERFORM Nine Mile/Fitzpatrick/Independence/Oswego cluster,high
S3_2025_SHOULDER_LIGHT_LOAD_PUBLIC,PERFORM_GSK__perform_rxb,C,65,GESONIDGE,2511.2,0.024572506913824,61.7064793619949,7.481832143219,-54.2246472187759,0,7.481832143219,PERFORM Greenidge plant,high
S3_2025_SHOULDER_LIGHT_LOAD_PUBLIC,PERFORM_GSK__perform_rxb,C,68,HILLSIDE,2511.2,0.0597090451253934,149.941354118888,271.054008885173,121.112654766285,0,271.054008885173,Residual Zone-C plants allocated to Hillside/Lapeer proxies,medium
S3_2025_SHOULDER_LIGHT_LOAD_PUBLIC,PERFORM_GSK__perform_rxb,C,71,BINGHAMTON,2511.2,0.0104652541081939,26.2803461164964,643.677757785502,617.397411669006,0,643.677757785503,PERFORM Binghamton plant,high
S3_2025_SHOULDER_LIGHT_LOAD_PUBLIC,PERFORM_GSK__perform_rxb,C,72,LAPEER,2511.2,0.0420433710156976,105.57931329462,190.859261556085,85.2799482614649,0,190.859261556085,Residual Zone-C plants allocated to Hillside/Lapeer proxies,medium
S3_2025_SHOULDER_LIGHT_LOAD_PUBLIC,PERFORM_GSK__perform_rxb,B,53,ROCHESTER,288.8,1,288.8,288.8,0,0,288.8,All PERFORM Zone-B generation at retained Rochester proxy,medium
S3_2025_SHOULDER_LIGHT_LOAD_PUBLIC,PERFORM_GSK__perform_rxb,A,54,NIAGARA W,1292.8,0.382185175153705,494.08899443871,394.385301787287,-99.7036926514231,0,394.385301787287,PERFORM Niagara hydro plants,high
S3_2025_SHOULDER_LIGHT_LOAD_PUBLIC,PERFORM_GSK__perform_rxb,A,55,NIAGARA E,1292.8,0.191092587576852,247.044497219355,197.192650893643,-49.8518463257115,0,197.192650893643,PERFORM Niagara hydro plants,high
S3_2025_SHOULDER_LIGHT_LOAD_PUBLIC,PERFORM_GSK__perform_rxb,A,56,HUNTLEY,1292.8,0.3012848165981,389.501010898024,495.093851384339,105.592840486315,0,495.093851384339,Residual Zone-A plants allocated to Huntley/Dunkirk proxies,medium
S3_2025_SHOULDER_LIGHT_LOAD_PUBLIC,PERFORM_GSK__perform_rxb,A,57,HUNTLEY,1292.8,0.00871229543477941,11.2632555380828,14.3166985641929,3.05344302611005,0,14.3166985641929,Residual Zone-A plants allocated to Huntley/Dunkirk proxies,medium
S3_2025_SHOULDER_LIGHT_LOAD_PUBLIC,PERFORM_GSK__perform_rxb,A,60,DUNKIRK,1292.8,0.036229555911566,46.8375698824726,59.5351288283759,12.6975589459033,0,59.5351288283759,Residual Zone-A plants allocated to Huntley/Dunkirk proxies,medium
S3_2025_SHOULDER_LIGHT_LOAD_PUBLIC,PERFORM_GSK__perform_rxb,A,61,DUNKIRK,1292.8,0.0804955693249973,104.064672023357,132.276368542162,28.2116965188055,0,132.276368542162,Residual Zone-A plants allocated to Huntley/Dunkirk proxies,medium
S3_2025_SHOULDER_LIGHT_LOAD_PUBLIC,PERFORM_GSK__perform_rxb,I,78,CE UG,0,1,0,0,0,0,565.099092,PERFORM Zone-I residual at CE UG interface proxy,low
S3_2025_SHOULDER_LIGHT_LOAD_PUBLIC,PERFORM_GSK__perform_rxb,J,79,RAV A-3,2622.50983032002,0.706420369463462,1852.59436325623,1777.453484,-75.1408792562304,0,1777.453484,PERFORM Ravenswood/Astoria generation cluster,high
S3_2025_SHOULDER_LIGHT_LOAD_PUBLIC,PERFORM_GSK__perform_rxb,J,81,GOETHALS,2622.50983032002,0.165299657210587,433.499975983295,454.7481066608,21.2481306775045,0,900,Residual Zone-J generation at Goethals/Gowanus proxy,medium
S3_2025_SHOULDER_LIGHT_LOAD_PUBLIC,PERFORM_GSK__perform_rxb,J,82,AK-3,2622.50983032002,0.128279973325951,336.415491080497,390.308239659222,53.8927485787256,0,1519.623976,PERFORM Arthur-Kill/Narrows generation cluster,high
S3_2025_SHOULDER_LIGHT_LOAD_PUBLIC,PERFORM_GSK__perform_rxb,K,80,NORTHPORT,1478.43947641164,0.284679453396702,420.881342024972,878.43947641164,457.558134386668,0,1784.929342,PERFORM Northport plant,high
S3_2025_SHOULDER_LIGHT_LOAD_PUBLIC,PERFORM_GSK__perform_rxb,K,9003,EAST GARDEN CITY,1478.43947641164,0.715320546603298,1057.55813438667,600,-457.558134386668,0,600,Residual Zone-K plants at East Garden City proxy,medium
S3_2025_SHOULDER_LIGHT_LOAD_PUBLIC,PERFORM_GSK__perform_rxb,E,43,EDIC,59.9217497332488,0.666666666666667,39.9478331554992,39.9478331554992,0,0,400,PERFORM Zone-E total allocated to Edic/Porter equivalents,low
S3_2025_SHOULDER_LIGHT_LOAD_PUBLIC,PERFORM_GSK__perform_rxb,E,44,PORTER,59.9217497332488,0.333333333333333,19.9739165777496,19.9739165777496,0,0,200,PERFORM Zone-E total allocated to Edic/Porter equivalents,low
S3_2025_SHOULDER_LIGHT_LOAD_PUBLIC,PERFORM_GSK__perform_rxb,G,39,LEEDS,834.711001373931,0.408278691528877,340.794715445707,340.794715445707,0,0,600,PERFORM Athens/South-Cairo/West-Coxsackie cluster,medium
S3_2025_SHOULDER_LIGHT_LOAD_PUBLIC,PERFORM_GSK__perform_rxb,G,73,PLEASANT VLY,834.711001373931,0.358300196665811,299.077115951395,299.077115951395,0,0,900,PERFORM Roseton/CPV-Valley cluster,medium
S3_2025_SHOULDER_LIGHT_LOAD_PUBLIC,PERFORM_GSK__perform_rxb,G,76,RAMAPO,834.711001373931,0.233421111805312,194.839169976828,194.839169976828,0,0,700,Residual Zone-G plants at Ramapo proxy,medium
S3_2025_SHOULDER_LIGHT_LOAD_PUBLIC,PERFORM_CAP_GSK__current,F,37,NEW SEATHED,889.017659660803,0.210302229460617,186.962395856527,186.962395856527,0,0,455.936073628024,Residual Zone-F plants at New Scotland proxy,medium
S3_2025_SHOULDER_LIGHT_LOAD_PUBLIC,PERFORM_CAP_GSK__current,F,38,GILBOA,889.017659660803,0.28871900454521,256.67629372038,256.67629372038,0,0,625.943955286439,PERFORM Blenheim-Gilboa plant,high
S3_2025_SHOULDER_LIGHT_LOAD_PUBLIC,PERFORM_CAP_GSK__current,F,41,ROTTERDAM,889.017659660803,0.099654470089088,88.5945837733385,88.5945837733385,0,0,216.051289272751,PERFORM Selkirk cluster at Rotterdam proxy,medium
S3_2025_SHOULDER_LIGHT_LOAD_PUBLIC,PERFORM_CAP_GSK__current,F,42,ALBANY,889.017659660803,0.401324295905085,356.784386310558,356.784386310558,0,0,870.072676812786,PERFORM Bethlehem/Empire Capital-region cluster,medium
S3_2025_SHOULDER_LIGHT_LOAD_PUBLIC,PERFORM_CAP_GSK__current,D,47,MOSES W,984.9807077,0.959329106258799,944.920662,944.920662,0,0,944.920662,PERFORM Zone-D total allocated to Moses W/E proxies,low
S3_2025_SHOULDER_LIGHT_LOAD_PUBLIC,PERFORM_CAP_GSK__current,D,48,MOSES E,984.9807077,0.0406708937412013,40.0600457,40.0600457,0,0,40.0600457,PERFORM Zone-D total allocated to Moses W/E proxies,low
S3_2025_SHOULDER_LIGHT_LOAD_PUBLIC,PERFORM_CAP_GSK__current,C,50,CLAY,2511.2,0.682385315127198,1713.60600334742,1713.60600334742,0,0,1713.60600334742,PERFORM Nine Mile/Fitzpatrick/Independence/Oswego cluster,high
S3_2025_SHOULDER_LIGHT_LOAD_PUBLIC,PERFORM_CAP_GSK__current,C,51,CLAY,2511.2,0.180824507709693,454.08650376058,454.08650376058,0,0,454.08650376058,PERFORM Nine Mile/Fitzpatrick/Independence/Oswego cluster,high
S3_2025_SHOULDER_LIGHT_LOAD_PUBLIC,PERFORM_CAP_GSK__current,C,65,GESONIDGE,2511.2,0.024572506913824,61.7064793619949,61.7064793619949,0,0,61.7064793619949,PERFORM Greenidge plant,high
S3_2025_SHOULDER_LIGHT_LOAD_PUBLIC,PERFORM_CAP_GSK__current,C,68,HILLSIDE,2511.2,0.0597090451253934,149.941354118888,149.941354118888,0,0,149.941354118888,Residual Zone-C plants allocated to Hillside/Lapeer proxies,medium
S3_2025_SHOULDER_LIGHT_LOAD_PUBLIC,PERFORM_CAP_GSK__current,C,71,BINGHAMTON,2511.2,0.0104652541081939,26.2803461164964,26.2803461164964,0,0,26.2803461164964,PERFORM Binghamton plant,high
S3_2025_SHOULDER_LIGHT_LOAD_PUBLIC,PERFORM_CAP_GSK__current,C,72,LAPEER,2511.2,0.0420433710156976,105.57931329462,105.57931329462,0,0,105.57931329462,Residual Zone-C plants allocated to Hillside/Lapeer proxies,medium
S3_2025_SHOULDER_LIGHT_LOAD_PUBLIC,PERFORM_CAP_GSK__current,B,53,ROCHESTER,288.8,1,288.8,288.8,0,0,288.8,All PERFORM Zone-B generation at retained Rochester proxy,medium
S3_2025_SHOULDER_LIGHT_LOAD_PUBLIC,PERFORM_CAP_GSK__current,A,54,NIAGARA W,1292.8,0.382185175153705,494.08899443871,494.08899443871,-5.6843418860808e-14,0,494.08899443871,PERFORM Niagara hydro plants,high
S3_2025_SHOULDER_LIGHT_LOAD_PUBLIC,PERFORM_CAP_GSK__current,A,55,NIAGARA E,1292.8,0.191092587576852,247.044497219355,247.044497219355,-2.8421709430404e-14,0,247.044497219355,PERFORM Niagara hydro plants,high
S3_2025_SHOULDER_LIGHT_LOAD_PUBLIC,PERFORM_CAP_GSK__current,A,56,HUNTLEY,1292.8,0.3012848165981,389.501010898024,389.501010898024,-5.6843418860808e-14,0,389.501010898024,Residual Zone-A plants allocated to Huntley/Dunkirk proxies,medium
S3_2025_SHOULDER_LIGHT_LOAD_PUBLIC,PERFORM_CAP_GSK__current,A,57,HUNTLEY,1292.8,0.00871229543477941,11.2632555380828,11.2632555380828,-1.77635683940025e-15,0,11.2632555380828,Residual Zone-A plants allocated to Huntley/Dunkirk proxies,medium
S3_2025_SHOULDER_LIGHT_LOAD_PUBLIC,PERFORM_CAP_GSK__current,A,60,DUNKIRK,1292.8,0.036229555911566,46.8375698824726,46.8375698824726,-7.105427357601e-15,0,46.8375698824726,Residual Zone-A plants allocated to Huntley/Dunkirk proxies,medium
S3_2025_SHOULDER_LIGHT_LOAD_PUBLIC,PERFORM_CAP_GSK__current,A,61,DUNKIRK,1292.8,0.0804955693249973,104.064672023357,104.064672023357,-1.4210854715202e-14,0,104.064672023357,Residual Zone-A plants allocated to Huntley/Dunkirk proxies,medium
S3_2025_SHOULDER_LIGHT_LOAD_PUBLIC,PERFORM_CAP_GSK__current,I,78,CE UG,0,1,0,0,0,0,565.099092,PERFORM Zone-I residual at CE UG interface proxy,low
S3_2025_SHOULDER_LIGHT_LOAD_PUBLIC,PERFORM_CAP_GSK__current,J,79,RAV A-3,2622.50983032002,0.706420369463462,1852.59436325623,1852.59436325623,0,0,2964.90100995997,PERFORM Ravenswood/Astoria generation cluster,high
S3_2025_SHOULDER_LIGHT_LOAD_PUBLIC,PERFORM_CAP_GSK__current,J,81,GOETHALS,2622.50983032002,0.165299657210587,433.499975983295,433.499975983295,0,0,693.775465424283,Residual Zone-J generation at Goethals/Gowanus proxy,medium
S3_2025_SHOULDER_LIGHT_LOAD_PUBLIC,PERFORM_CAP_GSK__current,J,82,AK-3,2622.50983032002,0.128279973325951,336.415491080497,336.415491080497,0,0,538.40098461575,PERFORM Arthur-Kill/Narrows generation cluster,high
S3_2025_SHOULDER_LIGHT_LOAD_PUBLIC,PERFORM_CAP_GSK__current,K,80,NORTHPORT,1478.43947641164,0.284679453396702,420.881342024972,420.881342024972,0,0,678.940381470316,PERFORM Northport plant,high
S3_2025_SHOULDER_LIGHT_LOAD_PUBLIC,PERFORM_CAP_GSK__current,K,9003,EAST GARDEN CITY,1478.43947641164,0.715320546603298,1057.55813438667,1057.55813438667,0,0,1705.98896052968,Residual Zone-K plants at East Garden City proxy,medium
S3_2025_SHOULDER_LIGHT_LOAD_PUBLIC,PERFORM_CAP_GSK__current,E,43,EDIC,59.9217497332488,0.666666666666667,39.9478331554992,39.9478331554992,0,0,400,PERFORM Zone-E total allocated to Edic/Porter equivalents,low
S3_2025_SHOULDER_LIGHT_LOAD_PUBLIC,PERFORM_CAP_GSK__current,E,44,PORTER,59.9217497332488,0.333333333333333,19.9739165777496,19.9739165777496,0,0,200,PERFORM Zone-E total allocated to Edic/Porter equivalents,low
S3_2025_SHOULDER_LIGHT_LOAD_PUBLIC,PERFORM_CAP_GSK__current,G,39,LEEDS,834.711001373931,0.408278691528877,340.794715445707,340.794715445707,0,0,898.21312136353,PERFORM Athens/South-Cairo/West-Coxsackie cluster,medium
S3_2025_SHOULDER_LIGHT_LOAD_PUBLIC,PERFORM_CAP_GSK__current,G,73,PLEASANT VLY,834.711001373931,0.358300196665811,299.077115951395,299.077115951395,0,0,788.260432664784,PERFORM Roseton/CPV-Valley cluster,medium
S3_2025_SHOULDER_LIGHT_LOAD_PUBLIC,PERFORM_CAP_GSK__current,G,76,RAMAPO,834.711001373931,0.233421111805312,194.839169976828,194.839169976828,0,0,513.526445971687,Residual Zone-G plants at Ramapo proxy,medium
S3_2025_SHOULDER_LIGHT_LOAD_PUBLIC,PERFORM_CAP_GSK__perform_rx,F,37,NEW SEATHED,889.017659660803,0.210302229460617,186.962395856527,186.962395856527,0,0,455.936073628024,Residual Zone-F plants at New Scotland proxy,medium
S3_2025_SHOULDER_LIGHT_LOAD_PUBLIC,PERFORM_CAP_GSK__perform_rx,F,38,GILBOA,889.017659660803,0.28871900454521,256.67629372038,256.67629372038,0,0,625.943955286439,PERFORM Blenheim-Gilboa plant,high
S3_2025_SHOULDER_LIGHT_LOAD_PUBLIC,PERFORM_CAP_GSK__perform_rx,F,41,ROTTERDAM,889.017659660803,0.099654470089088,88.5945837733385,88.5945837733385,0,0,216.051289272751,PERFORM Selkirk cluster at Rotterdam proxy,medium
S3_2025_SHOULDER_LIGHT_LOAD_PUBLIC,PERFORM_CAP_GSK__perform_rx,F,42,ALBANY,889.017659660803,0.401324295905085,356.784386310558,356.784386310558,0,0,870.072676812786,PERFORM Bethlehem/Empire Capital-region cluster,medium
S3_2025_SHOULDER_LIGHT_LOAD_PUBLIC,PERFORM_CAP_GSK__perform_rx,D,47,MOSES W,984.9807077,0.959329106258799,944.920662,944.920662,0,0,944.920662,PERFORM Zone-D total allocated to Moses W/E proxies,low
S3_2025_SHOULDER_LIGHT_LOAD_PUBLIC,PERFORM_CAP_GSK__perform_rx,D,48,MOSES E,984.9807077,0.0406708937412013,40.0600457,40.0600457,0,0,40.0600457,PERFORM Zone-D total allocated to Moses W/E proxies,low
S3_2025_SHOULDER_LIGHT_LOAD_PUBLIC,PERFORM_CAP_GSK__perform_rx,C,50,CLAY,2511.2,0.682385315127198,1713.60600334742,1713.60600334742,0,0,1713.60600334742,PERFORM Nine Mile/Fitzpatrick/Independence/Oswego cluster,high
S3_2025_SHOULDER_LIGHT_LOAD_PUBLIC,PERFORM_CAP_GSK__perform_rx,C,51,CLAY,2511.2,0.180824507709693,454.08650376058,454.08650376058,0,0,454.08650376058,PERFORM Nine Mile/Fitzpatrick/Independence/Oswego cluster,high
S3_2025_SHOULDER_LIGHT_LOAD_PUBLIC,PERFORM_CAP_GSK__perform_rx,C,65,GESONIDGE,2511.2,0.024572506913824,61.7064793619949,61.7064793619949,0,0,61.7064793619949,PERFORM Greenidge plant,high
S3_2025_SHOULDER_LIGHT_LOAD_PUBLIC,PERFORM_CAP_GSK__perform_rx,C,68,HILLSIDE,2511.2,0.0597090451253934,149.941354118888,149.941354118888,0,0,149.941354118888,Residual Zone-C plants allocated to Hillside/Lapeer proxies,medium
S3_2025_SHOULDER_LIGHT_LOAD_PUBLIC,PERFORM_CAP_GSK__perform_rx,C,71,BINGHAMTON,2511.2,0.0104652541081939,26.2803461164964,26.2803461164964,0,0,26.2803461164964,PERFORM Binghamton plant,high
S3_2025_SHOULDER_LIGHT_LOAD_PUBLIC,PERFORM_CAP_GSK__perform_rx,C,72,LAPEER,2511.2,0.0420433710156976,105.57931329462,105.57931329462,0,0,105.57931329462,Residual Zone-C plants allocated to Hillside/Lapeer proxies,medium
S3_2025_SHOULDER_LIGHT_LOAD_PUBLIC,PERFORM_CAP_GSK__perform_rx,B,53,ROCHESTER,288.8,1,288.8,288.8,0,0,288.8,All PERFORM Zone-B generation at retained Rochester proxy,medium
S3_2025_SHOULDER_LIGHT_LOAD_PUBLIC,PERFORM_CAP_GSK__perform_rx,A,54,NIAGARA W,1292.8,0.382185175153705,494.08899443871,494.08899443871,-5.6843418860808e-14,0,494.08899443871,PERFORM Niagara hydro plants,high
S3_2025_SHOULDER_LIGHT_LOAD_PUBLIC,PERFORM_CAP_GSK__perform_rx,A,55,NIAGARA E,1292.8,0.191092587576852,247.044497219355,247.044497219355,-2.8421709430404e-14,0,247.044497219355,PERFORM Niagara hydro plants,high
S3_2025_SHOULDER_LIGHT_LOAD_PUBLIC,PERFORM_CAP_GSK__perform_rx,A,56,HUNTLEY,1292.8,0.3012848165981,389.501010898024,389.501010898024,-5.6843418860808e-14,0,389.501010898024,Residual Zone-A plants allocated to Huntley/Dunkirk proxies,medium
S3_2025_SHOULDER_LIGHT_LOAD_PUBLIC,PERFORM_CAP_GSK__perform_rx,A,57,HUNTLEY,1292.8,0.00871229543477941,11.2632555380828,11.2632555380828,-1.77635683940025e-15,0,11.2632555380828,Residual Zone-A plants allocated to Huntley/Dunkirk proxies,medium
S3_2025_SHOULDER_LIGHT_LOAD_PUBLIC,PERFORM_CAP_GSK__perform_rx,A,60,DUNKIRK,1292.8,0.036229555911566,46.8375698824726,46.8375698824726,-7.105427357601e-15,0,46.8375698824726,Residual Zone-A plants allocated to Huntley/Dunkirk proxies,medium
S3_2025_SHOULDER_LIGHT_LOAD_PUBLIC,PERFORM_CAP_GSK__perform_rx,A,61,DUNKIRK,1292.8,0.0804955693249973,104.064672023357,104.064672023357,-1.4210854715202e-14,0,104.064672023357,Residual Zone-A plants allocated to Huntley/Dunkirk proxies,medium
S3_2025_SHOULDER_LIGHT_LOAD_PUBLIC,PERFORM_CAP_GSK__perform_rx,I,78,CE UG,0,1,0,0,0,0,565.099092,PERFORM Zone-I residual at CE UG interface proxy,low
S3_2025_SHOULDER_LIGHT_LOAD_PUBLIC,PERFORM_CAP_GSK__perform_rx,J,79,RAV A-3,2622.50983032002,0.706420369463462,1852.59436325623,1852.59436325623,0,0,2964.90100995997,PERFORM Ravenswood/Astoria generation cluster,high
S3_2025_SHOULDER_LIGHT_LOAD_PUBLIC,PERFORM_CAP_GSK__perform_rx,J,81,GOETHALS,2622.50983032002,0.165299657210587,433.499975983295,433.499975983295,0,0,693.775465424283,Residual Zone-J generation at Goethals/Gowanus proxy,medium
S3_2025_SHOULDER_LIGHT_LOAD_PUBLIC,PERFORM_CAP_GSK__perform_rx,J,82,AK-3,2622.50983032002,0.128279973325951,336.415491080497,336.415491080497,0,0,538.40098461575,PERFORM Arthur-Kill/Narrows generation cluster,high
S3_2025_SHOULDER_LIGHT_LOAD_PUBLIC,PERFORM_CAP_GSK__perform_rx,K,80,NORTHPORT,1478.43947641164,0.284679453396702,420.881342024972,420.881342024972,0,0,678.940381470316,PERFORM Northport plant,high
S3_2025_SHOULDER_LIGHT_LOAD_PUBLIC,PERFORM_CAP_GSK__perform_rx,K,9003,EAST GARDEN CITY,1478.43947641164,0.715320546603298,1057.55813438667,1057.55813438667,0,0,1705.98896052968,Residual Zone-K plants at East Garden City proxy,medium
S3_2025_SHOULDER_LIGHT_LOAD_PUBLIC,PERFORM_CAP_GSK__perform_rx,E,43,EDIC,59.9217497332488,0.666666666666667,39.9478331554992,39.9478331554992,0,0,400,PERFORM Zone-E total allocated to Edic/Porter equivalents,low
S3_2025_SHOULDER_LIGHT_LOAD_PUBLIC,PERFORM_CAP_GSK__perform_rx,E,44,PORTER,59.9217497332488,0.333333333333333,19.9739165777496,19.9739165777496,0,0,200,PERFORM Zone-E total allocated to Edic/Porter equivalents,low
S3_2025_SHOULDER_LIGHT_LOAD_PUBLIC,PERFORM_CAP_GSK__perform_rx,G,39,LEEDS,834.711001373931,0.408278691528877,340.794715445707,340.794715445707,0,0,898.21312136353,PERFORM Athens/South-Cairo/West-Coxsackie cluster,medium
S3_2025_SHOULDER_LIGHT_LOAD_PUBLIC,PERFORM_CAP_GSK__perform_rx,G,73,PLEASANT VLY,834.711001373931,0.358300196665811,299.077115951395,299.077115951395,0,0,788.260432664784,PERFORM Roseton/CPV-Valley cluster,medium
S3_2025_SHOULDER_LIGHT_LOAD_PUBLIC,PERFORM_CAP_GSK__perform_rx,G,76,RAMAPO,834.711001373931,0.233421111805312,194.839169976828,194.839169976828,0,0,513.526445971687,Residual Zone-G plants at Ramapo proxy,medium
S3_2025_SHOULDER_LIGHT_LOAD_PUBLIC,PERFORM_CAP_GSK__perform_rxb,F,37,NEW SEATHED,889.017659660803,0.210302229460617,186.962395856527,186.962395856527,0,0,455.936073628024,Residual Zone-F plants at New Scotland proxy,medium
S3_2025_SHOULDER_LIGHT_LOAD_PUBLIC,PERFORM_CAP_GSK__perform_rxb,F,38,GILBOA,889.017659660803,0.28871900454521,256.67629372038,256.67629372038,0,0,625.943955286439,PERFORM Blenheim-Gilboa plant,high
S3_2025_SHOULDER_LIGHT_LOAD_PUBLIC,PERFORM_CAP_GSK__perform_rxb,F,41,ROTTERDAM,889.017659660803,0.099654470089088,88.5945837733385,88.5945837733385,0,0,216.051289272751,PERFORM Selkirk cluster at Rotterdam proxy,medium
S3_2025_SHOULDER_LIGHT_LOAD_PUBLIC,PERFORM_CAP_GSK__perform_rxb,F,42,ALBANY,889.017659660803,0.401324295905085,356.784386310558,356.784386310558,0,0,870.072676812786,PERFORM Bethlehem/Empire Capital-region cluster,medium
S3_2025_SHOULDER_LIGHT_LOAD_PUBLIC,PERFORM_CAP_GSK__perform_rxb,D,47,MOSES W,984.9807077,0.959329106258799,944.920662,944.920662,0,0,944.920662,PERFORM Zone-D total allocated to Moses W/E proxies,low
S3_2025_SHOULDER_LIGHT_LOAD_PUBLIC,PERFORM_CAP_GSK__perform_rxb,D,48,MOSES E,984.9807077,0.0406708937412013,40.0600457,40.0600457,0,0,40.0600457,PERFORM Zone-D total allocated to Moses W/E proxies,low
S3_2025_SHOULDER_LIGHT_LOAD_PUBLIC,PERFORM_CAP_GSK__perform_rxb,C,50,CLAY,2511.2,0.682385315127198,1713.60600334742,1713.60600334742,0,0,1713.60600334742,PERFORM Nine Mile/Fitzpatrick/Independence/Oswego cluster,high
S3_2025_SHOULDER_LIGHT_LOAD_PUBLIC,PERFORM_CAP_GSK__perform_rxb,C,51,CLAY,2511.2,0.180824507709693,454.08650376058,454.08650376058,0,0,454.08650376058,PERFORM Nine Mile/Fitzpatrick/Independence/Oswego cluster,high
S3_2025_SHOULDER_LIGHT_LOAD_PUBLIC,PERFORM_CAP_GSK__perform_rxb,C,65,GESONIDGE,2511.2,0.024572506913824,61.7064793619949,61.7064793619949,0,0,61.7064793619949,PERFORM Greenidge plant,high
S3_2025_SHOULDER_LIGHT_LOAD_PUBLIC,PERFORM_CAP_GSK__perform_rxb,C,68,HILLSIDE,2511.2,0.0597090451253934,149.941354118888,149.941354118888,0,0,149.941354118888,Residual Zone-C plants allocated to Hillside/Lapeer proxies,medium
S3_2025_SHOULDER_LIGHT_LOAD_PUBLIC,PERFORM_CAP_GSK__perform_rxb,C,71,BINGHAMTON,2511.2,0.0104652541081939,26.2803461164964,26.2803461164964,0,0,26.2803461164964,PERFORM Binghamton plant,high
S3_2025_SHOULDER_LIGHT_LOAD_PUBLIC,PERFORM_CAP_GSK__perform_rxb,C,72,LAPEER,2511.2,0.0420433710156976,105.57931329462,105.57931329462,0,0,105.57931329462,Residual Zone-C plants allocated to Hillside/Lapeer proxies,medium
S3_2025_SHOULDER_LIGHT_LOAD_PUBLIC,PERFORM_CAP_GSK__perform_rxb,B,53,ROCHESTER,288.8,1,288.8,288.8,0,0,288.8,All PERFORM Zone-B generation at retained Rochester proxy,medium
S3_2025_SHOULDER_LIGHT_LOAD_PUBLIC,PERFORM_CAP_GSK__perform_rxb,A,54,NIAGARA W,1292.8,0.382185175153705,494.08899443871,494.08899443871,-5.6843418860808e-14,0,494.08899443871,PERFORM Niagara hydro plants,high
S3_2025_SHOULDER_LIGHT_LOAD_PUBLIC,PERFORM_CAP_GSK__perform_rxb,A,55,NIAGARA E,1292.8,0.191092587576852,247.044497219355,247.044497219355,-2.8421709430404e-14,0,247.044497219355,PERFORM Niagara hydro plants,high
S3_2025_SHOULDER_LIGHT_LOAD_PUBLIC,PERFORM_CAP_GSK__perform_rxb,A,56,HUNTLEY,1292.8,0.3012848165981,389.501010898024,389.501010898024,-5.6843418860808e-14,0,389.501010898024,Residual Zone-A plants allocated to Huntley/Dunkirk proxies,medium
S3_2025_SHOULDER_LIGHT_LOAD_PUBLIC,PERFORM_CAP_GSK__perform_rxb,A,57,HUNTLEY,1292.8,0.00871229543477941,11.2632555380828,11.2632555380828,-1.77635683940025e-15,0,11.2632555380828,Residual Zone-A plants allocated to Huntley/Dunkirk proxies,medium
S3_2025_SHOULDER_LIGHT_LOAD_PUBLIC,PERFORM_CAP_GSK__perform_rxb,A,60,DUNKIRK,1292.8,0.036229555911566,46.8375698824726,46.8375698824726,-7.105427357601e-15,0,46.8375698824726,Residual Zone-A plants allocated to Huntley/Dunkirk proxies,medium
S3_2025_SHOULDER_LIGHT_LOAD_PUBLIC,PERFORM_CAP_GSK__perform_rxb,A,61,DUNKIRK,1292.8,0.0804955693249973,104.064672023357,104.064672023357,-1.4210854715202e-14,0,104.064672023357,Residual Zone-A plants allocated to Huntley/Dunkirk proxies,medium
S3_2025_SHOULDER_LIGHT_LOAD_PUBLIC,PERFORM_CAP_GSK__perform_rxb,I,78,CE UG,0,1,0,0,0,0,565.099092,PERFORM Zone-I residual at CE UG interface proxy,low
S3_2025_SHOULDER_LIGHT_LOAD_PUBLIC,PERFORM_CAP_GSK__perform_rxb,J,79,RAV A-3,2622.50983032002,0.706420369463462,1852.59436325623,1852.59436325623,0,0,2964.90100995997,PERFORM Ravenswood/Astoria generation cluster,high
S3_2025_SHOULDER_LIGHT_LOAD_PUBLIC,PERFORM_CAP_GSK__perform_rxb,J,81,GOETHALS,2622.50983032002,0.165299657210587,433.499975983295,433.499975983295,0,0,693.775465424283,Residual Zone-J generation at Goethals/Gowanus proxy,medium
S3_2025_SHOULDER_LIGHT_LOAD_PUBLIC,PERFORM_CAP_GSK__perform_rxb,J,82,AK-3,2622.50983032002,0.128279973325951,336.415491080497,336.415491080497,0,0,538.40098461575,PERFORM Arthur-Kill/Narrows generation cluster,high
S3_2025_SHOULDER_LIGHT_LOAD_PUBLIC,PERFORM_CAP_GSK__perform_rxb,K,80,NORTHPORT,1478.43947641164,0.284679453396702,420.881342024972,420.881342024972,0,0,678.940381470316,PERFORM Northport plant,high
S3_2025_SHOULDER_LIGHT_LOAD_PUBLIC,PERFORM_CAP_GSK__perform_rxb,K,9003,EAST GARDEN CITY,1478.43947641164,0.715320546603298,1057.55813438667,1057.55813438667,0,0,1705.98896052968,Residual Zone-K plants at East Garden City proxy,medium
S3_2025_SHOULDER_LIGHT_LOAD_PUBLIC,PERFORM_CAP_GSK__perform_rxb,E,43,EDIC,59.9217497332488,0.666666666666667,39.9478331554992,39.9478331554992,0,0,400,PERFORM Zone-E total allocated to Edic/Porter equivalents,low
S3_2025_SHOULDER_LIGHT_LOAD_PUBLIC,PERFORM_CAP_GSK__perform_rxb,E,44,PORTER,59.9217497332488,0.333333333333333,19.9739165777496,19.9739165777496,0,0,200,PERFORM Zone-E total allocated to Edic/Porter equivalents,low
S3_2025_SHOULDER_LIGHT_LOAD_PUBLIC,PERFORM_CAP_GSK__perform_rxb,G,39,LEEDS,834.711001373931,0.408278691528877,340.794715445707,340.794715445707,0,0,898.21312136353,PERFORM Athens/South-Cairo/West-Coxsackie cluster,medium
S3_2025_SHOULDER_LIGHT_LOAD_PUBLIC,PERFORM_CAP_GSK__perform_rxb,G,73,PLEASANT VLY,834.711001373931,0.358300196665811,299.077115951395,299.077115951395,0,0,788.260432664784,PERFORM Roseton/CPV-Valley cluster,medium
S3_2025_SHOULDER_LIGHT_LOAD_PUBLIC,PERFORM_CAP_GSK__perform_rxb,G,76,RAMAPO,834.711001373931,0.233421111805312,194.839169976828,194.839169976828,0,0,513.526445971687,Residual Zone-G plants at Ramapo proxy,medium
S4_2025_HIGH_NYC_LI_LOAD_PUBLIC,S4_GSK__current,F,42,ALBANY,954.6542917294,NaN,614.598552193203,614.598552193203,0,0,1068.003995,S4 ACOPF bus dispatch,reference
S4_2025_HIGH_NYC_LI_LOAD_PUBLIC,S4_GSK__current,D,47,MOSES W,974.184846437114,NaN,934.124800737114,934.124800737114,0,0,944.920662,S4 ACOPF bus dispatch,reference
S4_2025_HIGH_NYC_LI_LOAD_PUBLIC,S4_GSK__current,D,48,MOSES E,974.184846437114,NaN,40.0600457,40.0600457,0,0,40.0600457,S4 ACOPF bus dispatch,reference
S4_2025_HIGH_NYC_LI_LOAD_PUBLIC,S4_GSK__current,C,50,CLAY,2511.2,NaN,1105.24857748821,1105.24857748821,0,0,1105.24857748821,S4 ACOPF bus dispatch,reference
S4_2025_HIGH_NYC_LI_LOAD_PUBLIC,S4_GSK__current,C,51,CLAY,2511.2,NaN,292.878562141814,292.878562141814,0,0,292.878562141814,S4 ACOPF bus dispatch,reference
S4_2025_HIGH_NYC_LI_LOAD_PUBLIC,S4_GSK__current,B,53,ROCHESTER,288.8,NaN,288.8,288.8,0,0,288.8,S4 ACOPF bus dispatch,reference
S4_2025_HIGH_NYC_LI_LOAD_PUBLIC,S4_GSK__current,A,54,NIAGARA W,1292.8,NaN,394.385301787287,394.385301787287,0,0,394.385301787287,S4 ACOPF bus dispatch,reference
S4_2025_HIGH_NYC_LI_LOAD_PUBLIC,S4_GSK__current,A,55,NIAGARA E,1292.8,NaN,197.192650893643,197.192650893643,0,0,197.192650893643,S4 ACOPF bus dispatch,reference
S4_2025_HIGH_NYC_LI_LOAD_PUBLIC,S4_GSK__current,A,56,HUNTLEY,1292.8,NaN,495.093851384339,495.093851384339,0,0,495.093851384339,S4 ACOPF bus dispatch,reference
S4_2025_HIGH_NYC_LI_LOAD_PUBLIC,S4_GSK__current,A,57,HUNTLEY,1292.8,NaN,14.3166985641929,14.3166985641929,0,0,14.3166985641929,S4 ACOPF bus dispatch,reference
S4_2025_HIGH_NYC_LI_LOAD_PUBLIC,S4_GSK__current,A,60,DUNKIRK,1292.8,NaN,59.5351288283759,59.5351288283759,0,0,59.5351288283759,S4 ACOPF bus dispatch,reference
S4_2025_HIGH_NYC_LI_LOAD_PUBLIC,S4_GSK__current,A,61,DUNKIRK,1292.8,NaN,132.276368542162,132.276368542162,0,0,132.276368542162,S4 ACOPF bus dispatch,reference
S4_2025_HIGH_NYC_LI_LOAD_PUBLIC,S4_GSK__current,C,65,GESONIDGE,2511.2,NaN,7.481832143219,7.481832143219,0,0,7.481832143219,S4 ACOPF bus dispatch,reference
S4_2025_HIGH_NYC_LI_LOAD_PUBLIC,S4_GSK__current,C,68,HILLSIDE,2511.2,NaN,271.054008885173,271.054008885173,0,0,271.054008885173,S4 ACOPF bus dispatch,reference
S4_2025_HIGH_NYC_LI_LOAD_PUBLIC,S4_GSK__current,C,71,BINGHAMTON,2511.2,NaN,643.677757785503,643.677757785503,0,0,643.677757785503,S4 ACOPF bus dispatch,reference
S4_2025_HIGH_NYC_LI_LOAD_PUBLIC,S4_GSK__current,C,72,LAPEER,2511.2,NaN,190.859261556085,190.859261556085,0,0,190.859261556085,S4 ACOPF bus dispatch,reference
S4_2025_HIGH_NYC_LI_LOAD_PUBLIC,S4_GSK__current,I,78,CE UG,0,NaN,0,0,0,0,565.099092,S4 ACOPF bus dispatch,reference
S4_2025_HIGH_NYC_LI_LOAD_PUBLIC,S4_GSK__current,J,79,RAV A-3,2743.21253418978,NaN,1092.94001242256,1092.94001242256,0,0,1777.453484,S4 ACOPF bus dispatch,reference
S4_2025_HIGH_NYC_LI_LOAD_PUBLIC,S4_GSK__current,K,80,NORTHPORT,1652.73727684524,NaN,1146.39997492462,1146.39997492462,0,0,1784.929342,S4 ACOPF bus dispatch,reference
S4_2025_HIGH_NYC_LI_LOAD_PUBLIC,S4_GSK__current,J,82,AK-3,2743.21253418978,NaN,1138.89816100178,1138.89816100178,0,0,1519.623976,S4 ACOPF bus dispatch,reference
S4_2025_HIGH_NYC_LI_LOAD_PUBLIC,S4_GSK__current,J,81,GOETHALS,2743.21253418978,NaN,511.374360765447,511.374360765447,0,0,900,S4 ACOPF bus dispatch,reference
S4_2025_HIGH_NYC_LI_LOAD_PUBLIC,S4_GSK__current,E,43,EDIC,0,NaN,0,0,0,0,400,S4 ACOPF bus dispatch,reference
S4_2025_HIGH_NYC_LI_LOAD_PUBLIC,S4_GSK__current,E,44,PORTER,0,NaN,0,0,0,0,200,S4 ACOPF bus dispatch,reference
S4_2025_HIGH_NYC_LI_LOAD_PUBLIC,S4_GSK__current,F,38,GILBOA,954.6542917294,NaN,104.875198053341,104.875198053341,0,0,500,S4 ACOPF bus dispatch,reference
S4_2025_HIGH_NYC_LI_LOAD_PUBLIC,S4_GSK__current,F,41,ROTTERDAM,954.6542917294,NaN,123.095802781533,123.095802781533,0,0,300,S4 ACOPF bus dispatch,reference
S4_2025_HIGH_NYC_LI_LOAD_PUBLIC,S4_GSK__current,F,37,NEW SEATHED,954.6542917294,NaN,112.084738701323,112.084738701323,0,0,300,S4 ACOPF bus dispatch,reference
S4_2025_HIGH_NYC_LI_LOAD_PUBLIC,S4_GSK__current,G,73,PLEASANT VLY,997.286866965768,NaN,348.039877993882,348.039877993882,0,0,900,S4 ACOPF bus dispatch,reference
S4_2025_HIGH_NYC_LI_LOAD_PUBLIC,S4_GSK__current,G,76,RAMAPO,997.286866965768,NaN,438.38348923504,438.38348923504,0,0,700,S4 ACOPF bus dispatch,reference
S4_2025_HIGH_NYC_LI_LOAD_PUBLIC,S4_GSK__current,G,39,LEEDS,997.286866965768,NaN,210.863499736846,210.863499736846,0,0,600,S4 ACOPF bus dispatch,reference
S4_2025_HIGH_NYC_LI_LOAD_PUBLIC,S4_GSK__current,K,9003,EAST GARDEN CITY,1652.73727684524,NaN,506.33730192062,506.33730192062,0,0,600,S4 ACOPF bus dispatch,reference
S4_2025_HIGH_NYC_LI_LOAD_PUBLIC,S4_GSK__perform_rx,F,42,ALBANY,954.6542917294,NaN,614.598552193203,614.598552193203,0,0,1068.003995,S4 ACOPF bus dispatch,reference
S4_2025_HIGH_NYC_LI_LOAD_PUBLIC,S4_GSK__perform_rx,D,47,MOSES W,974.184846437114,NaN,934.124800737114,934.124800737114,0,0,944.920662,S4 ACOPF bus dispatch,reference
S4_2025_HIGH_NYC_LI_LOAD_PUBLIC,S4_GSK__perform_rx,D,48,MOSES E,974.184846437114,NaN,40.0600457,40.0600457,0,0,40.0600457,S4 ACOPF bus dispatch,reference
S4_2025_HIGH_NYC_LI_LOAD_PUBLIC,S4_GSK__perform_rx,C,50,CLAY,2511.2,NaN,1105.24857748821,1105.24857748821,0,0,1105.24857748821,S4 ACOPF bus dispatch,reference
S4_2025_HIGH_NYC_LI_LOAD_PUBLIC,S4_GSK__perform_rx,C,51,CLAY,2511.2,NaN,292.878562141814,292.878562141814,0,0,292.878562141814,S4 ACOPF bus dispatch,reference
S4_2025_HIGH_NYC_LI_LOAD_PUBLIC,S4_GSK__perform_rx,B,53,ROCHESTER,288.8,NaN,288.8,288.8,0,0,288.8,S4 ACOPF bus dispatch,reference
S4_2025_HIGH_NYC_LI_LOAD_PUBLIC,S4_GSK__perform_rx,A,54,NIAGARA W,1292.8,NaN,394.385301787287,394.385301787287,0,0,394.385301787287,S4 ACOPF bus dispatch,reference
S4_2025_HIGH_NYC_LI_LOAD_PUBLIC,S4_GSK__perform_rx,A,55,NIAGARA E,1292.8,NaN,197.192650893643,197.192650893643,0,0,197.192650893643,S4 ACOPF bus dispatch,reference
S4_2025_HIGH_NYC_LI_LOAD_PUBLIC,S4_GSK__perform_rx,A,56,HUNTLEY,1292.8,NaN,495.093851384339,495.093851384339,0,0,495.093851384339,S4 ACOPF bus dispatch,reference
S4_2025_HIGH_NYC_LI_LOAD_PUBLIC,S4_GSK__perform_rx,A,57,HUNTLEY,1292.8,NaN,14.3166985641929,14.3166985641929,0,0,14.3166985641929,S4 ACOPF bus dispatch,reference
S4_2025_HIGH_NYC_LI_LOAD_PUBLIC,S4_GSK__perform_rx,A,60,DUNKIRK,1292.8,NaN,59.5351288283759,59.5351288283759,0,0,59.5351288283759,S4 ACOPF bus dispatch,reference
S4_2025_HIGH_NYC_LI_LOAD_PUBLIC,S4_GSK__perform_rx,A,61,DUNKIRK,1292.8,NaN,132.276368542162,132.276368542162,0,0,132.276368542162,S4 ACOPF bus dispatch,reference
S4_2025_HIGH_NYC_LI_LOAD_PUBLIC,S4_GSK__perform_rx,C,65,GESONIDGE,2511.2,NaN,7.481832143219,7.481832143219,0,0,7.481832143219,S4 ACOPF bus dispatch,reference
S4_2025_HIGH_NYC_LI_LOAD_PUBLIC,S4_GSK__perform_rx,C,68,HILLSIDE,2511.2,NaN,271.054008885173,271.054008885173,0,0,271.054008885173,S4 ACOPF bus dispatch,reference
S4_2025_HIGH_NYC_LI_LOAD_PUBLIC,S4_GSK__perform_rx,C,71,BINGHAMTON,2511.2,NaN,643.677757785503,643.677757785503,0,0,643.677757785503,S4 ACOPF bus dispatch,reference
S4_2025_HIGH_NYC_LI_LOAD_PUBLIC,S4_GSK__perform_rx,C,72,LAPEER,2511.2,NaN,190.859261556085,190.859261556085,0,0,190.859261556085,S4 ACOPF bus dispatch,reference
S4_2025_HIGH_NYC_LI_LOAD_PUBLIC,S4_GSK__perform_rx,I,78,CE UG,0,NaN,0,0,0,0,565.099092,S4 ACOPF bus dispatch,reference
S4_2025_HIGH_NYC_LI_LOAD_PUBLIC,S4_GSK__perform_rx,J,79,RAV A-3,2743.21253418978,NaN,1092.94001242256,1092.94001242256,0,0,1777.453484,S4 ACOPF bus dispatch,reference
S4_2025_HIGH_NYC_LI_LOAD_PUBLIC,S4_GSK__perform_rx,K,80,NORTHPORT,1652.73727684524,NaN,1146.39997492462,1146.39997492462,0,0,1784.929342,S4 ACOPF bus dispatch,reference
S4_2025_HIGH_NYC_LI_LOAD_PUBLIC,S4_GSK__perform_rx,J,82,AK-3,2743.21253418978,NaN,1138.89816100178,1138.89816100178,0,0,1519.623976,S4 ACOPF bus dispatch,reference
S4_2025_HIGH_NYC_LI_LOAD_PUBLIC,S4_GSK__perform_rx,J,81,GOETHALS,2743.21253418978,NaN,511.374360765447,511.374360765447,0,0,900,S4 ACOPF bus dispatch,reference
S4_2025_HIGH_NYC_LI_LOAD_PUBLIC,S4_GSK__perform_rx,E,43,EDIC,0,NaN,0,0,0,0,400,S4 ACOPF bus dispatch,reference
S4_2025_HIGH_NYC_LI_LOAD_PUBLIC,S4_GSK__perform_rx,E,44,PORTER,0,NaN,0,0,0,0,200,S4 ACOPF bus dispatch,reference
S4_2025_HIGH_NYC_LI_LOAD_PUBLIC,S4_GSK__perform_rx,F,38,GILBOA,954.6542917294,NaN,104.875198053341,104.875198053341,0,0,500,S4 ACOPF bus dispatch,reference
S4_2025_HIGH_NYC_LI_LOAD_PUBLIC,S4_GSK__perform_rx,F,41,ROTTERDAM,954.6542917294,NaN,123.095802781533,123.095802781533,0,0,300,S4 ACOPF bus dispatch,reference
S4_2025_HIGH_NYC_LI_LOAD_PUBLIC,S4_GSK__perform_rx,F,37,NEW SEATHED,954.6542917294,NaN,112.084738701323,112.084738701323,0,0,300,S4 ACOPF bus dispatch,reference
S4_2025_HIGH_NYC_LI_LOAD_PUBLIC,S4_GSK__perform_rx,G,73,PLEASANT VLY,997.286866965768,NaN,348.039877993882,348.039877993882,0,0,900,S4 ACOPF bus dispatch,reference
S4_2025_HIGH_NYC_LI_LOAD_PUBLIC,S4_GSK__perform_rx,G,76,RAMAPO,997.286866965768,NaN,438.38348923504,438.38348923504,0,0,700,S4 ACOPF bus dispatch,reference
S4_2025_HIGH_NYC_LI_LOAD_PUBLIC,S4_GSK__perform_rx,G,39,LEEDS,997.286866965768,NaN,210.863499736846,210.863499736846,0,0,600,S4 ACOPF bus dispatch,reference
S4_2025_HIGH_NYC_LI_LOAD_PUBLIC,S4_GSK__perform_rx,K,9003,EAST GARDEN CITY,1652.73727684524,NaN,506.33730192062,506.33730192062,0,0,600,S4 ACOPF bus dispatch,reference
S4_2025_HIGH_NYC_LI_LOAD_PUBLIC,S4_GSK__perform_rxb,F,42,ALBANY,954.6542917294,NaN,614.598552193203,614.598552193203,0,0,1068.003995,S4 ACOPF bus dispatch,reference
S4_2025_HIGH_NYC_LI_LOAD_PUBLIC,S4_GSK__perform_rxb,D,47,MOSES W,974.184846437114,NaN,934.124800737114,934.124800737114,0,0,944.920662,S4 ACOPF bus dispatch,reference
S4_2025_HIGH_NYC_LI_LOAD_PUBLIC,S4_GSK__perform_rxb,D,48,MOSES E,974.184846437114,NaN,40.0600457,40.0600457,0,0,40.0600457,S4 ACOPF bus dispatch,reference
S4_2025_HIGH_NYC_LI_LOAD_PUBLIC,S4_GSK__perform_rxb,C,50,CLAY,2511.2,NaN,1105.24857748821,1105.24857748821,0,0,1105.24857748821,S4 ACOPF bus dispatch,reference
S4_2025_HIGH_NYC_LI_LOAD_PUBLIC,S4_GSK__perform_rxb,C,51,CLAY,2511.2,NaN,292.878562141814,292.878562141814,0,0,292.878562141814,S4 ACOPF bus dispatch,reference
S4_2025_HIGH_NYC_LI_LOAD_PUBLIC,S4_GSK__perform_rxb,B,53,ROCHESTER,288.8,NaN,288.8,288.8,0,0,288.8,S4 ACOPF bus dispatch,reference
S4_2025_HIGH_NYC_LI_LOAD_PUBLIC,S4_GSK__perform_rxb,A,54,NIAGARA W,1292.8,NaN,394.385301787287,394.385301787287,0,0,394.385301787287,S4 ACOPF bus dispatch,reference
S4_2025_HIGH_NYC_LI_LOAD_PUBLIC,S4_GSK__perform_rxb,A,55,NIAGARA E,1292.8,NaN,197.192650893643,197.192650893643,0,0,197.192650893643,S4 ACOPF bus dispatch,reference
S4_2025_HIGH_NYC_LI_LOAD_PUBLIC,S4_GSK__perform_rxb,A,56,HUNTLEY,1292.8,NaN,495.093851384339,495.093851384339,0,0,495.093851384339,S4 ACOPF bus dispatch,reference
S4_2025_HIGH_NYC_LI_LOAD_PUBLIC,S4_GSK__perform_rxb,A,57,HUNTLEY,1292.8,NaN,14.3166985641929,14.3166985641929,0,0,14.3166985641929,S4 ACOPF bus dispatch,reference
S4_2025_HIGH_NYC_LI_LOAD_PUBLIC,S4_GSK__perform_rxb,A,60,DUNKIRK,1292.8,NaN,59.5351288283759,59.5351288283759,0,0,59.5351288283759,S4 ACOPF bus dispatch,reference
S4_2025_HIGH_NYC_LI_LOAD_PUBLIC,S4_GSK__perform_rxb,A,61,DUNKIRK,1292.8,NaN,132.276368542162,132.276368542162,0,0,132.276368542162,S4 ACOPF bus dispatch,reference
S4_2025_HIGH_NYC_LI_LOAD_PUBLIC,S4_GSK__perform_rxb,C,65,GESONIDGE,2511.2,NaN,7.481832143219,7.481832143219,0,0,7.481832143219,S4 ACOPF bus dispatch,reference
S4_2025_HIGH_NYC_LI_LOAD_PUBLIC,S4_GSK__perform_rxb,C,68,HILLSIDE,2511.2,NaN,271.054008885173,271.054008885173,0,0,271.054008885173,S4 ACOPF bus dispatch,reference
S4_2025_HIGH_NYC_LI_LOAD_PUBLIC,S4_GSK__perform_rxb,C,71,BINGHAMTON,2511.2,NaN,643.677757785503,643.677757785503,0,0,643.677757785503,S4 ACOPF bus dispatch,reference
S4_2025_HIGH_NYC_LI_LOAD_PUBLIC,S4_GSK__perform_rxb,C,72,LAPEER,2511.2,NaN,190.859261556085,190.859261556085,0,0,190.859261556085,S4 ACOPF bus dispatch,reference
S4_2025_HIGH_NYC_LI_LOAD_PUBLIC,S4_GSK__perform_rxb,I,78,CE UG,0,NaN,0,0,0,0,565.099092,S4 ACOPF bus dispatch,reference
S4_2025_HIGH_NYC_LI_LOAD_PUBLIC,S4_GSK__perform_rxb,J,79,RAV A-3,2743.21253418978,NaN,1092.94001242256,1092.94001242256,0,0,1777.453484,S4 ACOPF bus dispatch,reference
S4_2025_HIGH_NYC_LI_LOAD_PUBLIC,S4_GSK__perform_rxb,K,80,NORTHPORT,1652.73727684524,NaN,1146.39997492462,1146.39997492462,0,0,1784.929342,S4 ACOPF bus dispatch,reference
S4_2025_HIGH_NYC_LI_LOAD_PUBLIC,S4_GSK__perform_rxb,J,82,AK-3,2743.21253418978,NaN,1138.89816100178,1138.89816100178,0,0,1519.623976,S4 ACOPF bus dispatch,reference
S4_2025_HIGH_NYC_LI_LOAD_PUBLIC,S4_GSK__perform_rxb,J,81,GOETHALS,2743.21253418978,NaN,511.374360765447,511.374360765447,0,0,900,S4 ACOPF bus dispatch,reference
S4_2025_HIGH_NYC_LI_LOAD_PUBLIC,S4_GSK__perform_rxb,E,43,EDIC,0,NaN,0,0,0,0,400,S4 ACOPF bus dispatch,reference
S4_2025_HIGH_NYC_LI_LOAD_PUBLIC,S4_GSK__perform_rxb,E,44,PORTER,0,NaN,0,0,0,0,200,S4 ACOPF bus dispatch,reference
S4_2025_HIGH_NYC_LI_LOAD_PUBLIC,S4_GSK__perform_rxb,F,38,GILBOA,954.6542917294,NaN,104.875198053341,104.875198053341,0,0,500,S4 ACOPF bus dispatch,reference
S4_2025_HIGH_NYC_LI_LOAD_PUBLIC,S4_GSK__perform_rxb,F,41,ROTTERDAM,954.6542917294,NaN,123.095802781533,123.095802781533,0,0,300,S4 ACOPF bus dispatch,reference
S4_2025_HIGH_NYC_LI_LOAD_PUBLIC,S4_GSK__perform_rxb,F,37,NEW SEATHED,954.6542917294,NaN,112.084738701323,112.084738701323,0,0,300,S4 ACOPF bus dispatch,reference
S4_2025_HIGH_NYC_LI_LOAD_PUBLIC,S4_GSK__perform_rxb,G,73,PLEASANT VLY,997.286866965768,NaN,348.039877993882,348.039877993882,0,0,900,S4 ACOPF bus dispatch,reference
S4_2025_HIGH_NYC_LI_LOAD_PUBLIC,S4_GSK__perform_rxb,G,76,RAMAPO,997.286866965768,NaN,438.38348923504,438.38348923504,0,0,700,S4 ACOPF bus dispatch,reference
S4_2025_HIGH_NYC_LI_LOAD_PUBLIC,S4_GSK__perform_rxb,G,39,LEEDS,997.286866965768,NaN,210.863499736846,210.863499736846,0,0,600,S4 ACOPF bus dispatch,reference
S4_2025_HIGH_NYC_LI_LOAD_PUBLIC,S4_GSK__perform_rxb,K,9003,EAST GARDEN CITY,1652.73727684524,NaN,506.33730192062,506.33730192062,0,0,600,S4 ACOPF bus dispatch,reference
S4_2025_HIGH_NYC_LI_LOAD_PUBLIC,PERFORM_GSK__current,F,37,NEW SEATHED,954.6542917294,0.210302229460617,200.765925914839,200.765925914839,0,0,300,Residual Zone-F plants at New Scotland proxy,medium
S4_2025_HIGH_NYC_LI_LOAD_PUBLIC,PERFORM_GSK__current,F,38,GILBOA,954.6542917294,0.28871900454521,275.626836792925,275.626836792925,0,0,500,PERFORM Blenheim-Gilboa plant,high
S4_2025_HIGH_NYC_LI_LOAD_PUBLIC,PERFORM_GSK__current,F,41,ROTTERDAM,954.6542917294,0.099654470089088,95.135567560567,95.135567560567,0,0,300,PERFORM Selkirk cluster at Rotterdam proxy,medium
S4_2025_HIGH_NYC_LI_LOAD_PUBLIC,PERFORM_GSK__current,F,42,ALBANY,954.6542917294,0.401324295905085,383.125961461069,383.125961461069,0,0,1068.003995,PERFORM Bethlehem/Empire Capital-region cluster,medium
S4_2025_HIGH_NYC_LI_LOAD_PUBLIC,PERFORM_GSK__current,D,47,MOSES W,974.184846437114,0.959329106258799,934.563878063381,934.563878063381,0,0,944.920662,PERFORM Zone-D total allocated to Moses W/E proxies,low
S4_2025_HIGH_NYC_LI_LOAD_PUBLIC,PERFORM_GSK__current,D,48,MOSES E,974.184846437114,0.0406708937412013,39.6209683737324,39.6209683737324,0,0,40.0600457,PERFORM Zone-D total allocated to Moses W/E proxies,low
S4_2025_HIGH_NYC_LI_LOAD_PUBLIC,PERFORM_GSK__current,C,50,CLAY,2511.2,0.682385315127198,1713.60600334742,1105.24857748821,-608.357425859215,0,1105.24857748821,PERFORM Nine Mile/Fitzpatrick/Independence/Oswego cluster,high
S4_2025_HIGH_NYC_LI_LOAD_PUBLIC,PERFORM_GSK__current,C,51,CLAY,2511.2,0.180824507709693,454.08650376058,292.878562141814,-161.207941618766,0,292.878562141814,PERFORM Nine Mile/Fitzpatrick/Independence/Oswego cluster,high
S4_2025_HIGH_NYC_LI_LOAD_PUBLIC,PERFORM_GSK__current,C,65,GESONIDGE,2511.2,0.024572506913824,61.7064793619949,7.481832143219,-54.2246472187759,0,7.481832143219,PERFORM Greenidge plant,high
S4_2025_HIGH_NYC_LI_LOAD_PUBLIC,PERFORM_GSK__current,C,68,HILLSIDE,2511.2,0.0597090451253934,149.941354118888,271.054008885173,121.112654766285,0,271.054008885173,Residual Zone-C plants allocated to Hillside/Lapeer proxies,medium
S4_2025_HIGH_NYC_LI_LOAD_PUBLIC,PERFORM_GSK__current,C,71,BINGHAMTON,2511.2,0.0104652541081939,26.2803461164964,643.677757785502,617.397411669006,0,643.677757785503,PERFORM Binghamton plant,high
S4_2025_HIGH_NYC_LI_LOAD_PUBLIC,PERFORM_GSK__current,C,72,LAPEER,2511.2,0.0420433710156976,105.57931329462,190.859261556085,85.2799482614649,0,190.859261556085,Residual Zone-C plants allocated to Hillside/Lapeer proxies,medium
S4_2025_HIGH_NYC_LI_LOAD_PUBLIC,PERFORM_GSK__current,B,53,ROCHESTER,288.8,1,288.8,288.8,0,0,288.8,All PERFORM Zone-B generation at retained Rochester proxy,medium
S4_2025_HIGH_NYC_LI_LOAD_PUBLIC,PERFORM_GSK__current,A,54,NIAGARA W,1292.8,0.382185175153705,494.08899443871,394.385301787287,-99.7036926514231,0,394.385301787287,PERFORM Niagara hydro plants,high
S4_2025_HIGH_NYC_LI_LOAD_PUBLIC,PERFORM_GSK__current,A,55,NIAGARA E,1292.8,0.191092587576852,247.044497219355,197.192650893643,-49.8518463257115,0,197.192650893643,PERFORM Niagara hydro plants,high
S4_2025_HIGH_NYC_LI_LOAD_PUBLIC,PERFORM_GSK__current,A,56,HUNTLEY,1292.8,0.3012848165981,389.501010898024,495.093851384339,105.592840486315,0,495.093851384339,Residual Zone-A plants allocated to Huntley/Dunkirk proxies,medium
S4_2025_HIGH_NYC_LI_LOAD_PUBLIC,PERFORM_GSK__current,A,57,HUNTLEY,1292.8,0.00871229543477941,11.2632555380828,14.3166985641929,3.05344302611005,0,14.3166985641929,Residual Zone-A plants allocated to Huntley/Dunkirk proxies,medium
S4_2025_HIGH_NYC_LI_LOAD_PUBLIC,PERFORM_GSK__current,A,60,DUNKIRK,1292.8,0.036229555911566,46.8375698824726,59.5351288283759,12.6975589459033,0,59.5351288283759,Residual Zone-A plants allocated to Huntley/Dunkirk proxies,medium
S4_2025_HIGH_NYC_LI_LOAD_PUBLIC,PERFORM_GSK__current,A,61,DUNKIRK,1292.8,0.0804955693249973,104.064672023357,132.276368542162,28.2116965188055,0,132.276368542162,Residual Zone-A plants allocated to Huntley/Dunkirk proxies,medium
S4_2025_HIGH_NYC_LI_LOAD_PUBLIC,PERFORM_GSK__current,I,78,CE UG,0,1,0,0,0,0,565.099092,PERFORM Zone-I residual at CE UG interface proxy,low
S4_2025_HIGH_NYC_LI_LOAD_PUBLIC,PERFORM_GSK__current,J,79,RAV A-3,2743.21253418978,0.706420369463462,1937.86121191914,1777.453484,-160.407727919145,0,1777.453484,PERFORM Ravenswood/Astoria generation cluster,high
S4_2025_HIGH_NYC_LI_LOAD_PUBLIC,PERFORM_GSK__current,J,81,GOETHALS,2743.21253418978,0.165299657210587,453.452091557358,497.824853020453,44.3727614630951,0,900,Residual Zone-J generation at Goethals/Gowanus proxy,medium
S4_2025_HIGH_NYC_LI_LOAD_PUBLIC,PERFORM_GSK__current,J,82,AK-3,2743.21253418978,0.128279973325951,351.89923071328,467.934197169329,116.03496645605,0,1519.623976,PERFORM Arthur-Kill/Narrows generation cluster,high
S4_2025_HIGH_NYC_LI_LOAD_PUBLIC,PERFORM_GSK__current,K,80,NORTHPORT,1652.73727684524,0.284679453396702,470.500344580658,1052.73727684524,582.236932264587,0,1784.929342,PERFORM Northport plant,high
S4_2025_HIGH_NYC_LI_LOAD_PUBLIC,PERFORM_GSK__current,K,9003,EAST GARDEN CITY,1652.73727684524,0.715320546603298,1182.23693226459,600,-582.236932264587,0,600,Residual Zone-K plants at East Garden City proxy,medium
S4_2025_HIGH_NYC_LI_LOAD_PUBLIC,PERFORM_GSK__current,E,43,EDIC,0,0.666666666666667,0,0,0,0,400,PERFORM Zone-E total allocated to Edic/Porter equivalents,low
S4_2025_HIGH_NYC_LI_LOAD_PUBLIC,PERFORM_GSK__current,E,44,PORTER,0,0.333333333333333,0,0,0,0,200,PERFORM Zone-E total allocated to Edic/Porter equivalents,low
S4_2025_HIGH_NYC_LI_LOAD_PUBLIC,PERFORM_GSK__current,G,39,LEEDS,997.286866965768,0.408278691528877,407.170977123717,407.170977123717,0,0,600,PERFORM Athens/South-Cairo/West-Coxsackie cluster,medium
S4_2025_HIGH_NYC_LI_LOAD_PUBLIC,PERFORM_GSK__current,G,73,PLEASANT VLY,997.286866965768,0.358300196665811,357.328080566065,357.328080566065,0,0,900,PERFORM Roseton/CPV-Valley cluster,medium
S4_2025_HIGH_NYC_LI_LOAD_PUBLIC,PERFORM_GSK__current,G,76,RAMAPO,997.286866965768,0.233421111805312,232.787809275986,232.787809275986,0,0,700,Residual Zone-G plants at Ramapo proxy,medium
S4_2025_HIGH_NYC_LI_LOAD_PUBLIC,PERFORM_GSK__perform_rx,F,37,NEW SEATHED,954.6542917294,0.210302229460617,200.765925914839,200.765925914839,0,0,300,Residual Zone-F plants at New Scotland proxy,medium
S4_2025_HIGH_NYC_LI_LOAD_PUBLIC,PERFORM_GSK__perform_rx,F,38,GILBOA,954.6542917294,0.28871900454521,275.626836792925,275.626836792925,0,0,500,PERFORM Blenheim-Gilboa plant,high
S4_2025_HIGH_NYC_LI_LOAD_PUBLIC,PERFORM_GSK__perform_rx,F,41,ROTTERDAM,954.6542917294,0.099654470089088,95.135567560567,95.135567560567,0,0,300,PERFORM Selkirk cluster at Rotterdam proxy,medium
S4_2025_HIGH_NYC_LI_LOAD_PUBLIC,PERFORM_GSK__perform_rx,F,42,ALBANY,954.6542917294,0.401324295905085,383.125961461069,383.125961461069,0,0,1068.003995,PERFORM Bethlehem/Empire Capital-region cluster,medium
S4_2025_HIGH_NYC_LI_LOAD_PUBLIC,PERFORM_GSK__perform_rx,D,47,MOSES W,974.184846437114,0.959329106258799,934.563878063381,934.563878063381,0,0,944.920662,PERFORM Zone-D total allocated to Moses W/E proxies,low
S4_2025_HIGH_NYC_LI_LOAD_PUBLIC,PERFORM_GSK__perform_rx,D,48,MOSES E,974.184846437114,0.0406708937412013,39.6209683737324,39.6209683737324,0,0,40.0600457,PERFORM Zone-D total allocated to Moses W/E proxies,low
S4_2025_HIGH_NYC_LI_LOAD_PUBLIC,PERFORM_GSK__perform_rx,C,50,CLAY,2511.2,0.682385315127198,1713.60600334742,1105.24857748821,-608.357425859215,0,1105.24857748821,PERFORM Nine Mile/Fitzpatrick/Independence/Oswego cluster,high
S4_2025_HIGH_NYC_LI_LOAD_PUBLIC,PERFORM_GSK__perform_rx,C,51,CLAY,2511.2,0.180824507709693,454.08650376058,292.878562141814,-161.207941618766,0,292.878562141814,PERFORM Nine Mile/Fitzpatrick/Independence/Oswego cluster,high
S4_2025_HIGH_NYC_LI_LOAD_PUBLIC,PERFORM_GSK__perform_rx,C,65,GESONIDGE,2511.2,0.024572506913824,61.7064793619949,7.481832143219,-54.2246472187759,0,7.481832143219,PERFORM Greenidge plant,high
S4_2025_HIGH_NYC_LI_LOAD_PUBLIC,PERFORM_GSK__perform_rx,C,68,HILLSIDE,2511.2,0.0597090451253934,149.941354118888,271.054008885173,121.112654766285,0,271.054008885173,Residual Zone-C plants allocated to Hillside/Lapeer proxies,medium
S4_2025_HIGH_NYC_LI_LOAD_PUBLIC,PERFORM_GSK__perform_rx,C,71,BINGHAMTON,2511.2,0.0104652541081939,26.2803461164964,643.677757785502,617.397411669006,0,643.677757785503,PERFORM Binghamton plant,high
S4_2025_HIGH_NYC_LI_LOAD_PUBLIC,PERFORM_GSK__perform_rx,C,72,LAPEER,2511.2,0.0420433710156976,105.57931329462,190.859261556085,85.2799482614649,0,190.859261556085,Residual Zone-C plants allocated to Hillside/Lapeer proxies,medium
S4_2025_HIGH_NYC_LI_LOAD_PUBLIC,PERFORM_GSK__perform_rx,B,53,ROCHESTER,288.8,1,288.8,288.8,0,0,288.8,All PERFORM Zone-B generation at retained Rochester proxy,medium
S4_2025_HIGH_NYC_LI_LOAD_PUBLIC,PERFORM_GSK__perform_rx,A,54,NIAGARA W,1292.8,0.382185175153705,494.08899443871,394.385301787287,-99.7036926514231,0,394.385301787287,PERFORM Niagara hydro plants,high
S4_2025_HIGH_NYC_LI_LOAD_PUBLIC,PERFORM_GSK__perform_rx,A,55,NIAGARA E,1292.8,0.191092587576852,247.044497219355,197.192650893643,-49.8518463257115,0,197.192650893643,PERFORM Niagara hydro plants,high
S4_2025_HIGH_NYC_LI_LOAD_PUBLIC,PERFORM_GSK__perform_rx,A,56,HUNTLEY,1292.8,0.3012848165981,389.501010898024,495.093851384339,105.592840486315,0,495.093851384339,Residual Zone-A plants allocated to Huntley/Dunkirk proxies,medium
S4_2025_HIGH_NYC_LI_LOAD_PUBLIC,PERFORM_GSK__perform_rx,A,57,HUNTLEY,1292.8,0.00871229543477941,11.2632555380828,14.3166985641929,3.05344302611005,0,14.3166985641929,Residual Zone-A plants allocated to Huntley/Dunkirk proxies,medium
S4_2025_HIGH_NYC_LI_LOAD_PUBLIC,PERFORM_GSK__perform_rx,A,60,DUNKIRK,1292.8,0.036229555911566,46.8375698824726,59.5351288283759,12.6975589459033,0,59.5351288283759,Residual Zone-A plants allocated to Huntley/Dunkirk proxies,medium
S4_2025_HIGH_NYC_LI_LOAD_PUBLIC,PERFORM_GSK__perform_rx,A,61,DUNKIRK,1292.8,0.0804955693249973,104.064672023357,132.276368542162,28.2116965188055,0,132.276368542162,Residual Zone-A plants allocated to Huntley/Dunkirk proxies,medium
S4_2025_HIGH_NYC_LI_LOAD_PUBLIC,PERFORM_GSK__perform_rx,I,78,CE UG,0,1,0,0,0,0,565.099092,PERFORM Zone-I residual at CE UG interface proxy,low
S4_2025_HIGH_NYC_LI_LOAD_PUBLIC,PERFORM_GSK__perform_rx,J,79,RAV A-3,2743.21253418978,0.706420369463462,1937.86121191914,1777.453484,-160.407727919145,0,1777.453484,PERFORM Ravenswood/Astoria generation cluster,high
S4_2025_HIGH_NYC_LI_LOAD_PUBLIC,PERFORM_GSK__perform_rx,J,81,GOETHALS,2743.21253418978,0.165299657210587,453.452091557358,497.824853020453,44.3727614630951,0,900,Residual Zone-J generation at Goethals/Gowanus proxy,medium
S4_2025_HIGH_NYC_LI_LOAD_PUBLIC,PERFORM_GSK__perform_rx,J,82,AK-3,2743.21253418978,0.128279973325951,351.89923071328,467.934197169329,116.03496645605,0,1519.623976,PERFORM Arthur-Kill/Narrows generation cluster,high
S4_2025_HIGH_NYC_LI_LOAD_PUBLIC,PERFORM_GSK__perform_rx,K,80,NORTHPORT,1652.73727684524,0.284679453396702,470.500344580658,1052.73727684524,582.236932264587,0,1784.929342,PERFORM Northport plant,high
S4_2025_HIGH_NYC_LI_LOAD_PUBLIC,PERFORM_GSK__perform_rx,K,9003,EAST GARDEN CITY,1652.73727684524,0.715320546603298,1182.23693226459,600,-582.236932264587,0,600,Residual Zone-K plants at East Garden City proxy,medium
S4_2025_HIGH_NYC_LI_LOAD_PUBLIC,PERFORM_GSK__perform_rx,E,43,EDIC,0,0.666666666666667,0,0,0,0,400,PERFORM Zone-E total allocated to Edic/Porter equivalents,low
S4_2025_HIGH_NYC_LI_LOAD_PUBLIC,PERFORM_GSK__perform_rx,E,44,PORTER,0,0.333333333333333,0,0,0,0,200,PERFORM Zone-E total allocated to Edic/Porter equivalents,low
S4_2025_HIGH_NYC_LI_LOAD_PUBLIC,PERFORM_GSK__perform_rx,G,39,LEEDS,997.286866965768,0.408278691528877,407.170977123717,407.170977123717,0,0,600,PERFORM Athens/South-Cairo/West-Coxsackie cluster,medium
S4_2025_HIGH_NYC_LI_LOAD_PUBLIC,PERFORM_GSK__perform_rx,G,73,PLEASANT VLY,997.286866965768,0.358300196665811,357.328080566065,357.328080566065,0,0,900,PERFORM Roseton/CPV-Valley cluster,medium
S4_2025_HIGH_NYC_LI_LOAD_PUBLIC,PERFORM_GSK__perform_rx,G,76,RAMAPO,997.286866965768,0.233421111805312,232.787809275986,232.787809275986,0,0,700,Residual Zone-G plants at Ramapo proxy,medium
S4_2025_HIGH_NYC_LI_LOAD_PUBLIC,PERFORM_GSK__perform_rxb,F,37,NEW SEATHED,954.6542917294,0.210302229460617,200.765925914839,200.765925914839,0,0,300,Residual Zone-F plants at New Scotland proxy,medium
S4_2025_HIGH_NYC_LI_LOAD_PUBLIC,PERFORM_GSK__perform_rxb,F,38,GILBOA,954.6542917294,0.28871900454521,275.626836792925,275.626836792925,0,0,500,PERFORM Blenheim-Gilboa plant,high
S4_2025_HIGH_NYC_LI_LOAD_PUBLIC,PERFORM_GSK__perform_rxb,F,41,ROTTERDAM,954.6542917294,0.099654470089088,95.135567560567,95.135567560567,0,0,300,PERFORM Selkirk cluster at Rotterdam proxy,medium
S4_2025_HIGH_NYC_LI_LOAD_PUBLIC,PERFORM_GSK__perform_rxb,F,42,ALBANY,954.6542917294,0.401324295905085,383.125961461069,383.125961461069,0,0,1068.003995,PERFORM Bethlehem/Empire Capital-region cluster,medium
S4_2025_HIGH_NYC_LI_LOAD_PUBLIC,PERFORM_GSK__perform_rxb,D,47,MOSES W,974.184846437114,0.959329106258799,934.563878063381,934.563878063381,0,0,944.920662,PERFORM Zone-D total allocated to Moses W/E proxies,low
S4_2025_HIGH_NYC_LI_LOAD_PUBLIC,PERFORM_GSK__perform_rxb,D,48,MOSES E,974.184846437114,0.0406708937412013,39.6209683737324,39.6209683737324,0,0,40.0600457,PERFORM Zone-D total allocated to Moses W/E proxies,low
S4_2025_HIGH_NYC_LI_LOAD_PUBLIC,PERFORM_GSK__perform_rxb,C,50,CLAY,2511.2,0.682385315127198,1713.60600334742,1105.24857748821,-608.357425859215,0,1105.24857748821,PERFORM Nine Mile/Fitzpatrick/Independence/Oswego cluster,high
S4_2025_HIGH_NYC_LI_LOAD_PUBLIC,PERFORM_GSK__perform_rxb,C,51,CLAY,2511.2,0.180824507709693,454.08650376058,292.878562141814,-161.207941618766,0,292.878562141814,PERFORM Nine Mile/Fitzpatrick/Independence/Oswego cluster,high
S4_2025_HIGH_NYC_LI_LOAD_PUBLIC,PERFORM_GSK__perform_rxb,C,65,GESONIDGE,2511.2,0.024572506913824,61.7064793619949,7.481832143219,-54.2246472187759,0,7.481832143219,PERFORM Greenidge plant,high
S4_2025_HIGH_NYC_LI_LOAD_PUBLIC,PERFORM_GSK__perform_rxb,C,68,HILLSIDE,2511.2,0.0597090451253934,149.941354118888,271.054008885173,121.112654766285,0,271.054008885173,Residual Zone-C plants allocated to Hillside/Lapeer proxies,medium
S4_2025_HIGH_NYC_LI_LOAD_PUBLIC,PERFORM_GSK__perform_rxb,C,71,BINGHAMTON,2511.2,0.0104652541081939,26.2803461164964,643.677757785502,617.397411669006,0,643.677757785503,PERFORM Binghamton plant,high
S4_2025_HIGH_NYC_LI_LOAD_PUBLIC,PERFORM_GSK__perform_rxb,C,72,LAPEER,2511.2,0.0420433710156976,105.57931329462,190.859261556085,85.2799482614649,0,190.859261556085,Residual Zone-C plants allocated to Hillside/Lapeer proxies,medium
S4_2025_HIGH_NYC_LI_LOAD_PUBLIC,PERFORM_GSK__perform_rxb,B,53,ROCHESTER,288.8,1,288.8,288.8,0,0,288.8,All PERFORM Zone-B generation at retained Rochester proxy,medium
S4_2025_HIGH_NYC_LI_LOAD_PUBLIC,PERFORM_GSK__perform_rxb,A,54,NIAGARA W,1292.8,0.382185175153705,494.08899443871,394.385301787287,-99.7036926514231,0,394.385301787287,PERFORM Niagara hydro plants,high
S4_2025_HIGH_NYC_LI_LOAD_PUBLIC,PERFORM_GSK__perform_rxb,A,55,NIAGARA E,1292.8,0.191092587576852,247.044497219355,197.192650893643,-49.8518463257115,0,197.192650893643,PERFORM Niagara hydro plants,high
S4_2025_HIGH_NYC_LI_LOAD_PUBLIC,PERFORM_GSK__perform_rxb,A,56,HUNTLEY,1292.8,0.3012848165981,389.501010898024,495.093851384339,105.592840486315,0,495.093851384339,Residual Zone-A plants allocated to Huntley/Dunkirk proxies,medium
S4_2025_HIGH_NYC_LI_LOAD_PUBLIC,PERFORM_GSK__perform_rxb,A,57,HUNTLEY,1292.8,0.00871229543477941,11.2632555380828,14.3166985641929,3.05344302611005,0,14.3166985641929,Residual Zone-A plants allocated to Huntley/Dunkirk proxies,medium
S4_2025_HIGH_NYC_LI_LOAD_PUBLIC,PERFORM_GSK__perform_rxb,A,60,DUNKIRK,1292.8,0.036229555911566,46.8375698824726,59.5351288283759,12.6975589459033,0,59.5351288283759,Residual Zone-A plants allocated to Huntley/Dunkirk proxies,medium
S4_2025_HIGH_NYC_LI_LOAD_PUBLIC,PERFORM_GSK__perform_rxb,A,61,DUNKIRK,1292.8,0.0804955693249973,104.064672023357,132.276368542162,28.2116965188055,0,132.276368542162,Residual Zone-A plants allocated to Huntley/Dunkirk proxies,medium
S4_2025_HIGH_NYC_LI_LOAD_PUBLIC,PERFORM_GSK__perform_rxb,I,78,CE UG,0,1,0,0,0,0,565.099092,PERFORM Zone-I residual at CE UG interface proxy,low
S4_2025_HIGH_NYC_LI_LOAD_PUBLIC,PERFORM_GSK__perform_rxb,J,79,RAV A-3,2743.21253418978,0.706420369463462,1937.86121191914,1777.453484,-160.407727919145,0,1777.453484,PERFORM Ravenswood/Astoria generation cluster,high
S4_2025_HIGH_NYC_LI_LOAD_PUBLIC,PERFORM_GSK__perform_rxb,J,81,GOETHALS,2743.21253418978,0.165299657210587,453.452091557358,497.824853020453,44.3727614630951,0,900,Residual Zone-J generation at Goethals/Gowanus proxy,medium
S4_2025_HIGH_NYC_LI_LOAD_PUBLIC,PERFORM_GSK__perform_rxb,J,82,AK-3,2743.21253418978,0.128279973325951,351.89923071328,467.934197169329,116.03496645605,0,1519.623976,PERFORM Arthur-Kill/Narrows generation cluster,high
S4_2025_HIGH_NYC_LI_LOAD_PUBLIC,PERFORM_GSK__perform_rxb,K,80,NORTHPORT,1652.73727684524,0.284679453396702,470.500344580658,1052.73727684524,582.236932264587,0,1784.929342,PERFORM Northport plant,high
S4_2025_HIGH_NYC_LI_LOAD_PUBLIC,PERFORM_GSK__perform_rxb,K,9003,EAST GARDEN CITY,1652.73727684524,0.715320546603298,1182.23693226459,600,-582.236932264587,0,600,Residual Zone-K plants at East Garden City proxy,medium
S4_2025_HIGH_NYC_LI_LOAD_PUBLIC,PERFORM_GSK__perform_rxb,E,43,EDIC,0,0.666666666666667,0,0,0,0,400,PERFORM Zone-E total allocated to Edic/Porter equivalents,low
S4_2025_HIGH_NYC_LI_LOAD_PUBLIC,PERFORM_GSK__perform_rxb,E,44,PORTER,0,0.333333333333333,0,0,0,0,200,PERFORM Zone-E total allocated to Edic/Porter equivalents,low
S4_2025_HIGH_NYC_LI_LOAD_PUBLIC,PERFORM_GSK__perform_rxb,G,39,LEEDS,997.286866965768,0.408278691528877,407.170977123717,407.170977123717,0,0,600,PERFORM Athens/South-Cairo/West-Coxsackie cluster,medium
S4_2025_HIGH_NYC_LI_LOAD_PUBLIC,PERFORM_GSK__perform_rxb,G,73,PLEASANT VLY,997.286866965768,0.358300196665811,357.328080566065,357.328080566065,0,0,900,PERFORM Roseton/CPV-Valley cluster,medium
S4_2025_HIGH_NYC_LI_LOAD_PUBLIC,PERFORM_GSK__perform_rxb,G,76,RAMAPO,997.286866965768,0.233421111805312,232.787809275986,232.787809275986,0,0,700,Residual Zone-G plants at Ramapo proxy,medium
S4_2025_HIGH_NYC_LI_LOAD_PUBLIC,PERFORM_CAP_GSK__current,F,37,NEW SEATHED,954.6542917294,0.210302229460617,200.765925914839,200.765925914839,0,0,455.936073628024,Residual Zone-F plants at New Scotland proxy,medium
S4_2025_HIGH_NYC_LI_LOAD_PUBLIC,PERFORM_CAP_GSK__current,F,38,GILBOA,954.6542917294,0.28871900454521,275.626836792925,275.626836792925,0,0,625.943955286439,PERFORM Blenheim-Gilboa plant,high
S4_2025_HIGH_NYC_LI_LOAD_PUBLIC,PERFORM_CAP_GSK__current,F,41,ROTTERDAM,954.6542917294,0.099654470089088,95.135567560567,95.135567560567,0,0,216.051289272751,PERFORM Selkirk cluster at Rotterdam proxy,medium
S4_2025_HIGH_NYC_LI_LOAD_PUBLIC,PERFORM_CAP_GSK__current,F,42,ALBANY,954.6542917294,0.401324295905085,383.125961461069,383.125961461069,0,0,870.072676812786,PERFORM Bethlehem/Empire Capital-region cluster,medium
S4_2025_HIGH_NYC_LI_LOAD_PUBLIC,PERFORM_CAP_GSK__current,D,47,MOSES W,974.184846437114,0.959329106258799,934.563878063381,934.563878063381,0,0,944.920662,PERFORM Zone-D total allocated to Moses W/E proxies,low
S4_2025_HIGH_NYC_LI_LOAD_PUBLIC,PERFORM_CAP_GSK__current,D,48,MOSES E,974.184846437114,0.0406708937412013,39.6209683737324,39.6209683737324,0,0,40.0600457,PERFORM Zone-D total allocated to Moses W/E proxies,low
S4_2025_HIGH_NYC_LI_LOAD_PUBLIC,PERFORM_CAP_GSK__current,C,50,CLAY,2511.2,0.682385315127198,1713.60600334742,1713.60600334742,0,0,1713.60600334742,PERFORM Nine Mile/Fitzpatrick/Independence/Oswego cluster,high
S4_2025_HIGH_NYC_LI_LOAD_PUBLIC,PERFORM_CAP_GSK__current,C,51,CLAY,2511.2,0.180824507709693,454.08650376058,454.08650376058,0,0,454.08650376058,PERFORM Nine Mile/Fitzpatrick/Independence/Oswego cluster,high
S4_2025_HIGH_NYC_LI_LOAD_PUBLIC,PERFORM_CAP_GSK__current,C,65,GESONIDGE,2511.2,0.024572506913824,61.7064793619949,61.7064793619949,0,0,61.7064793619949,PERFORM Greenidge plant,high
S4_2025_HIGH_NYC_LI_LOAD_PUBLIC,PERFORM_CAP_GSK__current,C,68,HILLSIDE,2511.2,0.0597090451253934,149.941354118888,149.941354118888,0,0,149.941354118888,Residual Zone-C plants allocated to Hillside/Lapeer proxies,medium
S4_2025_HIGH_NYC_LI_LOAD_PUBLIC,PERFORM_CAP_GSK__current,C,71,BINGHAMTON,2511.2,0.0104652541081939,26.2803461164964,26.2803461164964,0,0,26.2803461164964,PERFORM Binghamton plant,high
S4_2025_HIGH_NYC_LI_LOAD_PUBLIC,PERFORM_CAP_GSK__current,C,72,LAPEER,2511.2,0.0420433710156976,105.57931329462,105.57931329462,0,0,105.57931329462,Residual Zone-C plants allocated to Hillside/Lapeer proxies,medium
S4_2025_HIGH_NYC_LI_LOAD_PUBLIC,PERFORM_CAP_GSK__current,B,53,ROCHESTER,288.8,1,288.8,288.8,0,0,288.8,All PERFORM Zone-B generation at retained Rochester proxy,medium
S4_2025_HIGH_NYC_LI_LOAD_PUBLIC,PERFORM_CAP_GSK__current,A,54,NIAGARA W,1292.8,0.382185175153705,494.08899443871,494.08899443871,-5.6843418860808e-14,0,494.08899443871,PERFORM Niagara hydro plants,high
S4_2025_HIGH_NYC_LI_LOAD_PUBLIC,PERFORM_CAP_GSK__current,A,55,NIAGARA E,1292.8,0.191092587576852,247.044497219355,247.044497219355,-2.8421709430404e-14,0,247.044497219355,PERFORM Niagara hydro plants,high
S4_2025_HIGH_NYC_LI_LOAD_PUBLIC,PERFORM_CAP_GSK__current,A,56,HUNTLEY,1292.8,0.3012848165981,389.501010898024,389.501010898024,-5.6843418860808e-14,0,389.501010898024,Residual Zone-A plants allocated to Huntley/Dunkirk proxies,medium
S4_2025_HIGH_NYC_LI_LOAD_PUBLIC,PERFORM_CAP_GSK__current,A,57,HUNTLEY,1292.8,0.00871229543477941,11.2632555380828,11.2632555380828,-1.77635683940025e-15,0,11.2632555380828,Residual Zone-A plants allocated to Huntley/Dunkirk proxies,medium
S4_2025_HIGH_NYC_LI_LOAD_PUBLIC,PERFORM_CAP_GSK__current,A,60,DUNKIRK,1292.8,0.036229555911566,46.8375698824726,46.8375698824726,-7.105427357601e-15,0,46.8375698824726,Residual Zone-A plants allocated to Huntley/Dunkirk proxies,medium
S4_2025_HIGH_NYC_LI_LOAD_PUBLIC,PERFORM_CAP_GSK__current,A,61,DUNKIRK,1292.8,0.0804955693249973,104.064672023357,104.064672023357,-1.4210854715202e-14,0,104.064672023357,Residual Zone-A plants allocated to Huntley/Dunkirk proxies,medium
S4_2025_HIGH_NYC_LI_LOAD_PUBLIC,PERFORM_CAP_GSK__current,I,78,CE UG,0,1,0,0,0,0,565.099092,PERFORM Zone-I residual at CE UG interface proxy,low
S4_2025_HIGH_NYC_LI_LOAD_PUBLIC,PERFORM_CAP_GSK__current,J,79,RAV A-3,2743.21253418978,0.706420369463462,1937.86121191914,1937.86121191914,0,0,2964.90100995997,PERFORM Ravenswood/Astoria generation cluster,high
S4_2025_HIGH_NYC_LI_LOAD_PUBLIC,PERFORM_CAP_GSK__current,J,81,GOETHALS,2743.21253418978,0.165299657210587,453.452091557358,453.452091557358,0,0,693.775465424283,Residual Zone-J generation at Goethals/Gowanus proxy,medium
S4_2025_HIGH_NYC_LI_LOAD_PUBLIC,PERFORM_CAP_GSK__current,J,82,AK-3,2743.21253418978,0.128279973325951,351.89923071328,351.89923071328,0,0,538.40098461575,PERFORM Arthur-Kill/Narrows generation cluster,high
S4_2025_HIGH_NYC_LI_LOAD_PUBLIC,PERFORM_CAP_GSK__current,K,80,NORTHPORT,1652.73727684524,0.284679453396702,470.500344580658,470.500344580658,0,0,678.940381470316,PERFORM Northport plant,high
S4_2025_HIGH_NYC_LI_LOAD_PUBLIC,PERFORM_CAP_GSK__current,K,9003,EAST GARDEN CITY,1652.73727684524,0.715320546603298,1182.23693226459,1182.23693226459,0,0,1705.98896052968,Residual Zone-K plants at East Garden City proxy,medium
S4_2025_HIGH_NYC_LI_LOAD_PUBLIC,PERFORM_CAP_GSK__current,E,43,EDIC,0,0.666666666666667,0,0,0,0,400,PERFORM Zone-E total allocated to Edic/Porter equivalents,low
S4_2025_HIGH_NYC_LI_LOAD_PUBLIC,PERFORM_CAP_GSK__current,E,44,PORTER,0,0.333333333333333,0,0,0,0,200,PERFORM Zone-E total allocated to Edic/Porter equivalents,low
S4_2025_HIGH_NYC_LI_LOAD_PUBLIC,PERFORM_CAP_GSK__current,G,39,LEEDS,997.286866965768,0.408278691528877,407.170977123717,407.170977123717,0,0,898.21312136353,PERFORM Athens/South-Cairo/West-Coxsackie cluster,medium
S4_2025_HIGH_NYC_LI_LOAD_PUBLIC,PERFORM_CAP_GSK__current,G,73,PLEASANT VLY,997.286866965768,0.358300196665811,357.328080566065,357.328080566065,0,0,788.260432664784,PERFORM Roseton/CPV-Valley cluster,medium
S4_2025_HIGH_NYC_LI_LOAD_PUBLIC,PERFORM_CAP_GSK__current,G,76,RAMAPO,997.286866965768,0.233421111805312,232.787809275986,232.787809275986,0,0,513.526445971687,Residual Zone-G plants at Ramapo proxy,medium
S4_2025_HIGH_NYC_LI_LOAD_PUBLIC,PERFORM_CAP_GSK__perform_rx,F,37,NEW SEATHED,954.6542917294,0.210302229460617,200.765925914839,200.765925914839,0,0,455.936073628024,Residual Zone-F plants at New Scotland proxy,medium
S4_2025_HIGH_NYC_LI_LOAD_PUBLIC,PERFORM_CAP_GSK__perform_rx,F,38,GILBOA,954.6542917294,0.28871900454521,275.626836792925,275.626836792925,0,0,625.943955286439,PERFORM Blenheim-Gilboa plant,high
S4_2025_HIGH_NYC_LI_LOAD_PUBLIC,PERFORM_CAP_GSK__perform_rx,F,41,ROTTERDAM,954.6542917294,0.099654470089088,95.135567560567,95.135567560567,0,0,216.051289272751,PERFORM Selkirk cluster at Rotterdam proxy,medium
S4_2025_HIGH_NYC_LI_LOAD_PUBLIC,PERFORM_CAP_GSK__perform_rx,F,42,ALBANY,954.6542917294,0.401324295905085,383.125961461069,383.125961461069,0,0,870.072676812786,PERFORM Bethlehem/Empire Capital-region cluster,medium
S4_2025_HIGH_NYC_LI_LOAD_PUBLIC,PERFORM_CAP_GSK__perform_rx,D,47,MOSES W,974.184846437114,0.959329106258799,934.563878063381,934.563878063381,0,0,944.920662,PERFORM Zone-D total allocated to Moses W/E proxies,low
S4_2025_HIGH_NYC_LI_LOAD_PUBLIC,PERFORM_CAP_GSK__perform_rx,D,48,MOSES E,974.184846437114,0.0406708937412013,39.6209683737324,39.6209683737324,0,0,40.0600457,PERFORM Zone-D total allocated to Moses W/E proxies,low
S4_2025_HIGH_NYC_LI_LOAD_PUBLIC,PERFORM_CAP_GSK__perform_rx,C,50,CLAY,2511.2,0.682385315127198,1713.60600334742,1713.60600334742,0,0,1713.60600334742,PERFORM Nine Mile/Fitzpatrick/Independence/Oswego cluster,high
S4_2025_HIGH_NYC_LI_LOAD_PUBLIC,PERFORM_CAP_GSK__perform_rx,C,51,CLAY,2511.2,0.180824507709693,454.08650376058,454.08650376058,0,0,454.08650376058,PERFORM Nine Mile/Fitzpatrick/Independence/Oswego cluster,high
S4_2025_HIGH_NYC_LI_LOAD_PUBLIC,PERFORM_CAP_GSK__perform_rx,C,65,GESONIDGE,2511.2,0.024572506913824,61.7064793619949,61.7064793619949,0,0,61.7064793619949,PERFORM Greenidge plant,high
S4_2025_HIGH_NYC_LI_LOAD_PUBLIC,PERFORM_CAP_GSK__perform_rx,C,68,HILLSIDE,2511.2,0.0597090451253934,149.941354118888,149.941354118888,0,0,149.941354118888,Residual Zone-C plants allocated to Hillside/Lapeer proxies,medium
S4_2025_HIGH_NYC_LI_LOAD_PUBLIC,PERFORM_CAP_GSK__perform_rx,C,71,BINGHAMTON,2511.2,0.0104652541081939,26.2803461164964,26.2803461164964,0,0,26.2803461164964,PERFORM Binghamton plant,high
S4_2025_HIGH_NYC_LI_LOAD_PUBLIC,PERFORM_CAP_GSK__perform_rx,C,72,LAPEER,2511.2,0.0420433710156976,105.57931329462,105.57931329462,0,0,105.57931329462,Residual Zone-C plants allocated to Hillside/Lapeer proxies,medium
S4_2025_HIGH_NYC_LI_LOAD_PUBLIC,PERFORM_CAP_GSK__perform_rx,B,53,ROCHESTER,288.8,1,288.8,288.8,0,0,288.8,All PERFORM Zone-B generation at retained Rochester proxy,medium
S4_2025_HIGH_NYC_LI_LOAD_PUBLIC,PERFORM_CAP_GSK__perform_rx,A,54,NIAGARA W,1292.8,0.382185175153705,494.08899443871,494.08899443871,-5.6843418860808e-14,0,494.08899443871,PERFORM Niagara hydro plants,high
S4_2025_HIGH_NYC_LI_LOAD_PUBLIC,PERFORM_CAP_GSK__perform_rx,A,55,NIAGARA E,1292.8,0.191092587576852,247.044497219355,247.044497219355,-2.8421709430404e-14,0,247.044497219355,PERFORM Niagara hydro plants,high
S4_2025_HIGH_NYC_LI_LOAD_PUBLIC,PERFORM_CAP_GSK__perform_rx,A,56,HUNTLEY,1292.8,0.3012848165981,389.501010898024,389.501010898024,-5.6843418860808e-14,0,389.501010898024,Residual Zone-A plants allocated to Huntley/Dunkirk proxies,medium
S4_2025_HIGH_NYC_LI_LOAD_PUBLIC,PERFORM_CAP_GSK__perform_rx,A,57,HUNTLEY,1292.8,0.00871229543477941,11.2632555380828,11.2632555380828,-1.77635683940025e-15,0,11.2632555380828,Residual Zone-A plants allocated to Huntley/Dunkirk proxies,medium
S4_2025_HIGH_NYC_LI_LOAD_PUBLIC,PERFORM_CAP_GSK__perform_rx,A,60,DUNKIRK,1292.8,0.036229555911566,46.8375698824726,46.8375698824726,-7.105427357601e-15,0,46.8375698824726,Residual Zone-A plants allocated to Huntley/Dunkirk proxies,medium
S4_2025_HIGH_NYC_LI_LOAD_PUBLIC,PERFORM_CAP_GSK__perform_rx,A,61,DUNKIRK,1292.8,0.0804955693249973,104.064672023357,104.064672023357,-1.4210854715202e-14,0,104.064672023357,Residual Zone-A plants allocated to Huntley/Dunkirk proxies,medium
S4_2025_HIGH_NYC_LI_LOAD_PUBLIC,PERFORM_CAP_GSK__perform_rx,I,78,CE UG,0,1,0,0,0,0,565.099092,PERFORM Zone-I residual at CE UG interface proxy,low
S4_2025_HIGH_NYC_LI_LOAD_PUBLIC,PERFORM_CAP_GSK__perform_rx,J,79,RAV A-3,2743.21253418978,0.706420369463462,1937.86121191914,1937.86121191914,0,0,2964.90100995997,PERFORM Ravenswood/Astoria generation cluster,high
S4_2025_HIGH_NYC_LI_LOAD_PUBLIC,PERFORM_CAP_GSK__perform_rx,J,81,GOETHALS,2743.21253418978,0.165299657210587,453.452091557358,453.452091557358,0,0,693.775465424283,Residual Zone-J generation at Goethals/Gowanus proxy,medium
S4_2025_HIGH_NYC_LI_LOAD_PUBLIC,PERFORM_CAP_GSK__perform_rx,J,82,AK-3,2743.21253418978,0.128279973325951,351.89923071328,351.89923071328,0,0,538.40098461575,PERFORM Arthur-Kill/Narrows generation cluster,high
S4_2025_HIGH_NYC_LI_LOAD_PUBLIC,PERFORM_CAP_GSK__perform_rx,K,80,NORTHPORT,1652.73727684524,0.284679453396702,470.500344580658,470.500344580658,0,0,678.940381470316,PERFORM Northport plant,high
S4_2025_HIGH_NYC_LI_LOAD_PUBLIC,PERFORM_CAP_GSK__perform_rx,K,9003,EAST GARDEN CITY,1652.73727684524,0.715320546603298,1182.23693226459,1182.23693226459,0,0,1705.98896052968,Residual Zone-K plants at East Garden City proxy,medium
S4_2025_HIGH_NYC_LI_LOAD_PUBLIC,PERFORM_CAP_GSK__perform_rx,E,43,EDIC,0,0.666666666666667,0,0,0,0,400,PERFORM Zone-E total allocated to Edic/Porter equivalents,low
S4_2025_HIGH_NYC_LI_LOAD_PUBLIC,PERFORM_CAP_GSK__perform_rx,E,44,PORTER,0,0.333333333333333,0,0,0,0,200,PERFORM Zone-E total allocated to Edic/Porter equivalents,low
S4_2025_HIGH_NYC_LI_LOAD_PUBLIC,PERFORM_CAP_GSK__perform_rx,G,39,LEEDS,997.286866965768,0.408278691528877,407.170977123717,407.170977123717,0,0,898.21312136353,PERFORM Athens/South-Cairo/West-Coxsackie cluster,medium
S4_2025_HIGH_NYC_LI_LOAD_PUBLIC,PERFORM_CAP_GSK__perform_rx,G,73,PLEASANT VLY,997.286866965768,0.358300196665811,357.328080566065,357.328080566065,0,0,788.260432664784,PERFORM Roseton/CPV-Valley cluster,medium
S4_2025_HIGH_NYC_LI_LOAD_PUBLIC,PERFORM_CAP_GSK__perform_rx,G,76,RAMAPO,997.286866965768,0.233421111805312,232.787809275986,232.787809275986,0,0,513.526445971687,Residual Zone-G plants at Ramapo proxy,medium
S4_2025_HIGH_NYC_LI_LOAD_PUBLIC,PERFORM_CAP_GSK__perform_rxb,F,37,NEW SEATHED,954.6542917294,0.210302229460617,200.765925914839,200.765925914839,0,0,455.936073628024,Residual Zone-F plants at New Scotland proxy,medium
S4_2025_HIGH_NYC_LI_LOAD_PUBLIC,PERFORM_CAP_GSK__perform_rxb,F,38,GILBOA,954.6542917294,0.28871900454521,275.626836792925,275.626836792925,0,0,625.943955286439,PERFORM Blenheim-Gilboa plant,high
S4_2025_HIGH_NYC_LI_LOAD_PUBLIC,PERFORM_CAP_GSK__perform_rxb,F,41,ROTTERDAM,954.6542917294,0.099654470089088,95.135567560567,95.135567560567,0,0,216.051289272751,PERFORM Selkirk cluster at Rotterdam proxy,medium
S4_2025_HIGH_NYC_LI_LOAD_PUBLIC,PERFORM_CAP_GSK__perform_rxb,F,42,ALBANY,954.6542917294,0.401324295905085,383.125961461069,383.125961461069,0,0,870.072676812786,PERFORM Bethlehem/Empire Capital-region cluster,medium
S4_2025_HIGH_NYC_LI_LOAD_PUBLIC,PERFORM_CAP_GSK__perform_rxb,D,47,MOSES W,974.184846437114,0.959329106258799,934.563878063381,934.563878063381,0,0,944.920662,PERFORM Zone-D total allocated to Moses W/E proxies,low
S4_2025_HIGH_NYC_LI_LOAD_PUBLIC,PERFORM_CAP_GSK__perform_rxb,D,48,MOSES E,974.184846437114,0.0406708937412013,39.6209683737324,39.6209683737324,0,0,40.0600457,PERFORM Zone-D total allocated to Moses W/E proxies,low
S4_2025_HIGH_NYC_LI_LOAD_PUBLIC,PERFORM_CAP_GSK__perform_rxb,C,50,CLAY,2511.2,0.682385315127198,1713.60600334742,1713.60600334742,0,0,1713.60600334742,PERFORM Nine Mile/Fitzpatrick/Independence/Oswego cluster,high
S4_2025_HIGH_NYC_LI_LOAD_PUBLIC,PERFORM_CAP_GSK__perform_rxb,C,51,CLAY,2511.2,0.180824507709693,454.08650376058,454.08650376058,0,0,454.08650376058,PERFORM Nine Mile/Fitzpatrick/Independence/Oswego cluster,high
S4_2025_HIGH_NYC_LI_LOAD_PUBLIC,PERFORM_CAP_GSK__perform_rxb,C,65,GESONIDGE,2511.2,0.024572506913824,61.7064793619949,61.7064793619949,0,0,61.7064793619949,PERFORM Greenidge plant,high
S4_2025_HIGH_NYC_LI_LOAD_PUBLIC,PERFORM_CAP_GSK__perform_rxb,C,68,HILLSIDE,2511.2,0.0597090451253934,149.941354118888,149.941354118888,0,0,149.941354118888,Residual Zone-C plants allocated to Hillside/Lapeer proxies,medium
S4_2025_HIGH_NYC_LI_LOAD_PUBLIC,PERFORM_CAP_GSK__perform_rxb,C,71,BINGHAMTON,2511.2,0.0104652541081939,26.2803461164964,26.2803461164964,0,0,26.2803461164964,PERFORM Binghamton plant,high
S4_2025_HIGH_NYC_LI_LOAD_PUBLIC,PERFORM_CAP_GSK__perform_rxb,C,72,LAPEER,2511.2,0.0420433710156976,105.57931329462,105.57931329462,0,0,105.57931329462,Residual Zone-C plants allocated to Hillside/Lapeer proxies,medium
S4_2025_HIGH_NYC_LI_LOAD_PUBLIC,PERFORM_CAP_GSK__perform_rxb,B,53,ROCHESTER,288.8,1,288.8,288.8,0,0,288.8,All PERFORM Zone-B generation at retained Rochester proxy,medium
S4_2025_HIGH_NYC_LI_LOAD_PUBLIC,PERFORM_CAP_GSK__perform_rxb,A,54,NIAGARA W,1292.8,0.382185175153705,494.08899443871,494.08899443871,-5.6843418860808e-14,0,494.08899443871,PERFORM Niagara hydro plants,high
S4_2025_HIGH_NYC_LI_LOAD_PUBLIC,PERFORM_CAP_GSK__perform_rxb,A,55,NIAGARA E,1292.8,0.191092587576852,247.044497219355,247.044497219355,-2.8421709430404e-14,0,247.044497219355,PERFORM Niagara hydro plants,high
S4_2025_HIGH_NYC_LI_LOAD_PUBLIC,PERFORM_CAP_GSK__perform_rxb,A,56,HUNTLEY,1292.8,0.3012848165981,389.501010898024,389.501010898024,-5.6843418860808e-14,0,389.501010898024,Residual Zone-A plants allocated to Huntley/Dunkirk proxies,medium
S4_2025_HIGH_NYC_LI_LOAD_PUBLIC,PERFORM_CAP_GSK__perform_rxb,A,57,HUNTLEY,1292.8,0.00871229543477941,11.2632555380828,11.2632555380828,-1.77635683940025e-15,0,11.2632555380828,Residual Zone-A plants allocated to Huntley/Dunkirk proxies,medium
S4_2025_HIGH_NYC_LI_LOAD_PUBLIC,PERFORM_CAP_GSK__perform_rxb,A,60,DUNKIRK,1292.8,0.036229555911566,46.8375698824726,46.8375698824726,-7.105427357601e-15,0,46.8375698824726,Residual Zone-A plants allocated to Huntley/Dunkirk proxies,medium
S4_2025_HIGH_NYC_LI_LOAD_PUBLIC,PERFORM_CAP_GSK__perform_rxb,A,61,DUNKIRK,1292.8,0.0804955693249973,104.064672023357,104.064672023357,-1.4210854715202e-14,0,104.064672023357,Residual Zone-A plants allocated to Huntley/Dunkirk proxies,medium
S4_2025_HIGH_NYC_LI_LOAD_PUBLIC,PERFORM_CAP_GSK__perform_rxb,I,78,CE UG,0,1,0,0,0,0,565.099092,PERFORM Zone-I residual at CE UG interface proxy,low
S4_2025_HIGH_NYC_LI_LOAD_PUBLIC,PERFORM_CAP_GSK__perform_rxb,J,79,RAV A-3,2743.21253418978,0.706420369463462,1937.86121191914,1937.86121191914,0,0,2964.90100995997,PERFORM Ravenswood/Astoria generation cluster,high
S4_2025_HIGH_NYC_LI_LOAD_PUBLIC,PERFORM_CAP_GSK__perform_rxb,J,81,GOETHALS,2743.21253418978,0.165299657210587,453.452091557358,453.452091557358,0,0,693.775465424283,Residual Zone-J generation at Goethals/Gowanus proxy,medium
S4_2025_HIGH_NYC_LI_LOAD_PUBLIC,PERFORM_CAP_GSK__perform_rxb,J,82,AK-3,2743.21253418978,0.128279973325951,351.89923071328,351.89923071328,0,0,538.40098461575,PERFORM Arthur-Kill/Narrows generation cluster,high
S4_2025_HIGH_NYC_LI_LOAD_PUBLIC,PERFORM_CAP_GSK__perform_rxb,K,80,NORTHPORT,1652.73727684524,0.284679453396702,470.500344580658,470.500344580658,0,0,678.940381470316,PERFORM Northport plant,high
S4_2025_HIGH_NYC_LI_LOAD_PUBLIC,PERFORM_CAP_GSK__perform_rxb,K,9003,EAST GARDEN CITY,1652.73727684524,0.715320546603298,1182.23693226459,1182.23693226459,0,0,1705.98896052968,Residual Zone-K plants at East Garden City proxy,medium
S4_2025_HIGH_NYC_LI_LOAD_PUBLIC,PERFORM_CAP_GSK__perform_rxb,E,43,EDIC,0,0.666666666666667,0,0,0,0,400,PERFORM Zone-E total allocated to Edic/Porter equivalents,low
S4_2025_HIGH_NYC_LI_LOAD_PUBLIC,PERFORM_CAP_GSK__perform_rxb,E,44,PORTER,0,0.333333333333333,0,0,0,0,200,PERFORM Zone-E total allocated to Edic/Porter equivalents,low
S4_2025_HIGH_NYC_LI_LOAD_PUBLIC,PERFORM_CAP_GSK__perform_rxb,G,39,LEEDS,997.286866965768,0.408278691528877,407.170977123717,407.170977123717,0,0,898.21312136353,PERFORM Athens/South-Cairo/West-Coxsackie cluster,medium
S4_2025_HIGH_NYC_LI_LOAD_PUBLIC,PERFORM_CAP_GSK__perform_rxb,G,73,PLEASANT VLY,997.286866965768,0.358300196665811,357.328080566065,357.328080566065,0,0,788.260432664784,PERFORM Roseton/CPV-Valley cluster,medium
S4_2025_HIGH_NYC_LI_LOAD_PUBLIC,PERFORM_CAP_GSK__perform_rxb,G,76,RAMAPO,997.286866965768,0.233421111805312,232.787809275986,232.787809275986,0,0,513.526445971687,Residual Zone-G plants at Ramapo proxy,medium
S5_2025_HIGH_TOTAL_EAST_PUBLIC,S4_GSK__current,F,42,ALBANY,685.520370138346,NaN,570.940033393197,570.940033393197,0,0,1068.003995,S4 ACOPF bus dispatch,reference
S5_2025_HIGH_TOTAL_EAST_PUBLIC,S4_GSK__current,D,47,MOSES W,967.584972520349,NaN,927.524926820349,927.524926820349,0,0,944.920662,S4 ACOPF bus dispatch,reference
S5_2025_HIGH_TOTAL_EAST_PUBLIC,S4_GSK__current,D,48,MOSES E,967.584972520349,NaN,40.0600457,40.0600457,0,0,40.0600457,S4 ACOPF bus dispatch,reference
S5_2025_HIGH_TOTAL_EAST_PUBLIC,S4_GSK__current,C,50,CLAY,2511.2,NaN,1105.24857748821,1105.24857748821,0,0,1105.24857748821,S4 ACOPF bus dispatch,reference
S5_2025_HIGH_TOTAL_EAST_PUBLIC,S4_GSK__current,C,51,CLAY,2511.2,NaN,292.878562141814,292.878562141814,0,0,292.878562141814,S4 ACOPF bus dispatch,reference
S5_2025_HIGH_TOTAL_EAST_PUBLIC,S4_GSK__current,B,53,ROCHESTER,288.8,NaN,288.8,288.8,0,0,288.8,S4 ACOPF bus dispatch,reference
S5_2025_HIGH_TOTAL_EAST_PUBLIC,S4_GSK__current,A,54,NIAGARA W,1292.8,NaN,394.385301787287,394.385301787287,0,0,394.385301787287,S4 ACOPF bus dispatch,reference
S5_2025_HIGH_TOTAL_EAST_PUBLIC,S4_GSK__current,A,55,NIAGARA E,1292.8,NaN,197.192650893643,197.192650893643,0,0,197.192650893643,S4 ACOPF bus dispatch,reference
S5_2025_HIGH_TOTAL_EAST_PUBLIC,S4_GSK__current,A,56,HUNTLEY,1292.8,NaN,495.093851384339,495.093851384339,0,0,495.093851384339,S4 ACOPF bus dispatch,reference
S5_2025_HIGH_TOTAL_EAST_PUBLIC,S4_GSK__current,A,57,HUNTLEY,1292.8,NaN,14.3166985641929,14.3166985641929,0,0,14.3166985641929,S4 ACOPF bus dispatch,reference
S5_2025_HIGH_TOTAL_EAST_PUBLIC,S4_GSK__current,A,60,DUNKIRK,1292.8,NaN,59.5351288283759,59.5351288283759,0,0,59.5351288283759,S4 ACOPF bus dispatch,reference
S5_2025_HIGH_TOTAL_EAST_PUBLIC,S4_GSK__current,A,61,DUNKIRK,1292.8,NaN,132.276368542162,132.276368542162,0,0,132.276368542162,S4 ACOPF bus dispatch,reference
S5_2025_HIGH_TOTAL_EAST_PUBLIC,S4_GSK__current,C,65,GESONIDGE,2511.2,NaN,7.481832143219,7.481832143219,0,0,7.481832143219,S4 ACOPF bus dispatch,reference
S5_2025_HIGH_TOTAL_EAST_PUBLIC,S4_GSK__current,C,68,HILLSIDE,2511.2,NaN,271.054008885173,271.054008885173,0,0,271.054008885173,S4 ACOPF bus dispatch,reference
S5_2025_HIGH_TOTAL_EAST_PUBLIC,S4_GSK__current,C,71,BINGHAMTON,2511.2,NaN,643.677757785503,643.677757785503,0,0,643.677757785503,S4 ACOPF bus dispatch,reference
S5_2025_HIGH_TOTAL_EAST_PUBLIC,S4_GSK__current,C,72,LAPEER,2511.2,NaN,190.859261556085,190.859261556085,0,0,190.859261556085,S4 ACOPF bus dispatch,reference
S5_2025_HIGH_TOTAL_EAST_PUBLIC,S4_GSK__current,I,78,CE UG,0,NaN,0,0,0,0,565.099092,S4 ACOPF bus dispatch,reference
S5_2025_HIGH_TOTAL_EAST_PUBLIC,S4_GSK__current,J,79,RAV A-3,2716.24719703063,NaN,1084.68417009029,1084.68417009029,0,0,1777.453484,S4 ACOPF bus dispatch,reference
S5_2025_HIGH_TOTAL_EAST_PUBLIC,S4_GSK__current,K,80,NORTHPORT,1629.90673646747,NaN,1133.5515409111,1133.5515409111,0,0,1784.929342,S4 ACOPF bus dispatch,reference
S5_2025_HIGH_TOTAL_EAST_PUBLIC,S4_GSK__current,J,82,AK-3,2716.24719703063,NaN,1130.83322379717,1130.83322379717,0,0,1519.623976,S4 ACOPF bus dispatch,reference
S5_2025_HIGH_TOTAL_EAST_PUBLIC,S4_GSK__current,J,81,GOETHALS,2716.24719703063,NaN,500.72980314316,500.72980314316,0,0,900,S4 ACOPF bus dispatch,reference
S5_2025_HIGH_TOTAL_EAST_PUBLIC,S4_GSK__current,E,43,EDIC,0,NaN,0,0,0,0,400,S4 ACOPF bus dispatch,reference
S5_2025_HIGH_TOTAL_EAST_PUBLIC,S4_GSK__current,E,44,PORTER,0,NaN,0,0,0,0,200,S4 ACOPF bus dispatch,reference
S5_2025_HIGH_TOTAL_EAST_PUBLIC,S4_GSK__current,F,38,GILBOA,685.520370138346,NaN,12.6751473698721,12.6751473698721,0,0,500,S4 ACOPF bus dispatch,reference
S5_2025_HIGH_TOTAL_EAST_PUBLIC,S4_GSK__current,F,41,ROTTERDAM,685.520370138346,NaN,73.8371353496536,73.8371353496536,0,0,300,S4 ACOPF bus dispatch,reference
S5_2025_HIGH_TOTAL_EAST_PUBLIC,S4_GSK__current,F,37,NEW SEATHED,685.520370138346,NaN,28.0680540256238,28.0680540256238,0,0,300,S4 ACOPF bus dispatch,reference
S5_2025_HIGH_TOTAL_EAST_PUBLIC,S4_GSK__current,G,73,PLEASANT VLY,909.192922757371,NaN,339.173368996997,339.173368996997,0,0,900,S4 ACOPF bus dispatch,reference
S5_2025_HIGH_TOTAL_EAST_PUBLIC,S4_GSK__current,G,76,RAMAPO,909.192922757371,NaN,411.562113500415,411.562113500415,0,0,700,S4 ACOPF bus dispatch,reference
S5_2025_HIGH_TOTAL_EAST_PUBLIC,S4_GSK__current,G,39,LEEDS,909.192922757371,NaN,158.457440259959,158.457440259959,0,0,600,S4 ACOPF bus dispatch,reference
S5_2025_HIGH_TOTAL_EAST_PUBLIC,S4_GSK__current,K,9003,EAST GARDEN CITY,1629.90673646747,NaN,496.355195556374,496.355195556374,0,0,600,S4 ACOPF bus dispatch,reference
S5_2025_HIGH_TOTAL_EAST_PUBLIC,S4_GSK__perform_rx,F,42,ALBANY,685.520370138346,NaN,570.940033393197,570.940033393197,0,0,1068.003995,S4 ACOPF bus dispatch,reference
S5_2025_HIGH_TOTAL_EAST_PUBLIC,S4_GSK__perform_rx,D,47,MOSES W,967.584972520349,NaN,927.524926820349,927.524926820349,0,0,944.920662,S4 ACOPF bus dispatch,reference
S5_2025_HIGH_TOTAL_EAST_PUBLIC,S4_GSK__perform_rx,D,48,MOSES E,967.584972520349,NaN,40.0600457,40.0600457,0,0,40.0600457,S4 ACOPF bus dispatch,reference
S5_2025_HIGH_TOTAL_EAST_PUBLIC,S4_GSK__perform_rx,C,50,CLAY,2511.2,NaN,1105.24857748821,1105.24857748821,0,0,1105.24857748821,S4 ACOPF bus dispatch,reference
S5_2025_HIGH_TOTAL_EAST_PUBLIC,S4_GSK__perform_rx,C,51,CLAY,2511.2,NaN,292.878562141814,292.878562141814,0,0,292.878562141814,S4 ACOPF bus dispatch,reference
S5_2025_HIGH_TOTAL_EAST_PUBLIC,S4_GSK__perform_rx,B,53,ROCHESTER,288.8,NaN,288.8,288.8,0,0,288.8,S4 ACOPF bus dispatch,reference
S5_2025_HIGH_TOTAL_EAST_PUBLIC,S4_GSK__perform_rx,A,54,NIAGARA W,1292.8,NaN,394.385301787287,394.385301787287,0,0,394.385301787287,S4 ACOPF bus dispatch,reference
S5_2025_HIGH_TOTAL_EAST_PUBLIC,S4_GSK__perform_rx,A,55,NIAGARA E,1292.8,NaN,197.192650893643,197.192650893643,0,0,197.192650893643,S4 ACOPF bus dispatch,reference
S5_2025_HIGH_TOTAL_EAST_PUBLIC,S4_GSK__perform_rx,A,56,HUNTLEY,1292.8,NaN,495.093851384339,495.093851384339,0,0,495.093851384339,S4 ACOPF bus dispatch,reference
S5_2025_HIGH_TOTAL_EAST_PUBLIC,S4_GSK__perform_rx,A,57,HUNTLEY,1292.8,NaN,14.3166985641929,14.3166985641929,0,0,14.3166985641929,S4 ACOPF bus dispatch,reference
S5_2025_HIGH_TOTAL_EAST_PUBLIC,S4_GSK__perform_rx,A,60,DUNKIRK,1292.8,NaN,59.5351288283759,59.5351288283759,0,0,59.5351288283759,S4 ACOPF bus dispatch,reference
S5_2025_HIGH_TOTAL_EAST_PUBLIC,S4_GSK__perform_rx,A,61,DUNKIRK,1292.8,NaN,132.276368542162,132.276368542162,0,0,132.276368542162,S4 ACOPF bus dispatch,reference
S5_2025_HIGH_TOTAL_EAST_PUBLIC,S4_GSK__perform_rx,C,65,GESONIDGE,2511.2,NaN,7.481832143219,7.481832143219,0,0,7.481832143219,S4 ACOPF bus dispatch,reference
S5_2025_HIGH_TOTAL_EAST_PUBLIC,S4_GSK__perform_rx,C,68,HILLSIDE,2511.2,NaN,271.054008885173,271.054008885173,0,0,271.054008885173,S4 ACOPF bus dispatch,reference
S5_2025_HIGH_TOTAL_EAST_PUBLIC,S4_GSK__perform_rx,C,71,BINGHAMTON,2511.2,NaN,643.677757785503,643.677757785503,0,0,643.677757785503,S4 ACOPF bus dispatch,reference
S5_2025_HIGH_TOTAL_EAST_PUBLIC,S4_GSK__perform_rx,C,72,LAPEER,2511.2,NaN,190.859261556085,190.859261556085,0,0,190.859261556085,S4 ACOPF bus dispatch,reference
S5_2025_HIGH_TOTAL_EAST_PUBLIC,S4_GSK__perform_rx,I,78,CE UG,0,NaN,0,0,0,0,565.099092,S4 ACOPF bus dispatch,reference
S5_2025_HIGH_TOTAL_EAST_PUBLIC,S4_GSK__perform_rx,J,79,RAV A-3,2716.24719703063,NaN,1084.68417009029,1084.68417009029,0,0,1777.453484,S4 ACOPF bus dispatch,reference
S5_2025_HIGH_TOTAL_EAST_PUBLIC,S4_GSK__perform_rx,K,80,NORTHPORT,1629.90673646747,NaN,1133.5515409111,1133.5515409111,0,0,1784.929342,S4 ACOPF bus dispatch,reference
S5_2025_HIGH_TOTAL_EAST_PUBLIC,S4_GSK__perform_rx,J,82,AK-3,2716.24719703063,NaN,1130.83322379717,1130.83322379717,0,0,1519.623976,S4 ACOPF bus dispatch,reference
S5_2025_HIGH_TOTAL_EAST_PUBLIC,S4_GSK__perform_rx,J,81,GOETHALS,2716.24719703063,NaN,500.72980314316,500.72980314316,0,0,900,S4 ACOPF bus dispatch,reference
S5_2025_HIGH_TOTAL_EAST_PUBLIC,S4_GSK__perform_rx,E,43,EDIC,0,NaN,0,0,0,0,400,S4 ACOPF bus dispatch,reference
S5_2025_HIGH_TOTAL_EAST_PUBLIC,S4_GSK__perform_rx,E,44,PORTER,0,NaN,0,0,0,0,200,S4 ACOPF bus dispatch,reference
S5_2025_HIGH_TOTAL_EAST_PUBLIC,S4_GSK__perform_rx,F,38,GILBOA,685.520370138346,NaN,12.6751473698721,12.6751473698721,0,0,500,S4 ACOPF bus dispatch,reference
S5_2025_HIGH_TOTAL_EAST_PUBLIC,S4_GSK__perform_rx,F,41,ROTTERDAM,685.520370138346,NaN,73.8371353496536,73.8371353496536,0,0,300,S4 ACOPF bus dispatch,reference
S5_2025_HIGH_TOTAL_EAST_PUBLIC,S4_GSK__perform_rx,F,37,NEW SEATHED,685.520370138346,NaN,28.0680540256238,28.0680540256238,0,0,300,S4 ACOPF bus dispatch,reference
S5_2025_HIGH_TOTAL_EAST_PUBLIC,S4_GSK__perform_rx,G,73,PLEASANT VLY,909.192922757371,NaN,339.173368996997,339.173368996997,0,0,900,S4 ACOPF bus dispatch,reference
S5_2025_HIGH_TOTAL_EAST_PUBLIC,S4_GSK__perform_rx,G,76,RAMAPO,909.192922757371,NaN,411.562113500415,411.562113500415,0,0,700,S4 ACOPF bus dispatch,reference
S5_2025_HIGH_TOTAL_EAST_PUBLIC,S4_GSK__perform_rx,G,39,LEEDS,909.192922757371,NaN,158.457440259959,158.457440259959,0,0,600,S4 ACOPF bus dispatch,reference
S5_2025_HIGH_TOTAL_EAST_PUBLIC,S4_GSK__perform_rx,K,9003,EAST GARDEN CITY,1629.90673646747,NaN,496.355195556374,496.355195556374,0,0,600,S4 ACOPF bus dispatch,reference
S5_2025_HIGH_TOTAL_EAST_PUBLIC,S4_GSK__perform_rxb,F,42,ALBANY,685.520370138346,NaN,570.940033393197,570.940033393197,0,0,1068.003995,S4 ACOPF bus dispatch,reference
S5_2025_HIGH_TOTAL_EAST_PUBLIC,S4_GSK__perform_rxb,D,47,MOSES W,967.584972520349,NaN,927.524926820349,927.524926820349,0,0,944.920662,S4 ACOPF bus dispatch,reference
S5_2025_HIGH_TOTAL_EAST_PUBLIC,S4_GSK__perform_rxb,D,48,MOSES E,967.584972520349,NaN,40.0600457,40.0600457,0,0,40.0600457,S4 ACOPF bus dispatch,reference
S5_2025_HIGH_TOTAL_EAST_PUBLIC,S4_GSK__perform_rxb,C,50,CLAY,2511.2,NaN,1105.24857748821,1105.24857748821,0,0,1105.24857748821,S4 ACOPF bus dispatch,reference
S5_2025_HIGH_TOTAL_EAST_PUBLIC,S4_GSK__perform_rxb,C,51,CLAY,2511.2,NaN,292.878562141814,292.878562141814,0,0,292.878562141814,S4 ACOPF bus dispatch,reference
S5_2025_HIGH_TOTAL_EAST_PUBLIC,S4_GSK__perform_rxb,B,53,ROCHESTER,288.8,NaN,288.8,288.8,0,0,288.8,S4 ACOPF bus dispatch,reference
S5_2025_HIGH_TOTAL_EAST_PUBLIC,S4_GSK__perform_rxb,A,54,NIAGARA W,1292.8,NaN,394.385301787287,394.385301787287,0,0,394.385301787287,S4 ACOPF bus dispatch,reference
S5_2025_HIGH_TOTAL_EAST_PUBLIC,S4_GSK__perform_rxb,A,55,NIAGARA E,1292.8,NaN,197.192650893643,197.192650893643,0,0,197.192650893643,S4 ACOPF bus dispatch,reference
S5_2025_HIGH_TOTAL_EAST_PUBLIC,S4_GSK__perform_rxb,A,56,HUNTLEY,1292.8,NaN,495.093851384339,495.093851384339,0,0,495.093851384339,S4 ACOPF bus dispatch,reference
S5_2025_HIGH_TOTAL_EAST_PUBLIC,S4_GSK__perform_rxb,A,57,HUNTLEY,1292.8,NaN,14.3166985641929,14.3166985641929,0,0,14.3166985641929,S4 ACOPF bus dispatch,reference
S5_2025_HIGH_TOTAL_EAST_PUBLIC,S4_GSK__perform_rxb,A,60,DUNKIRK,1292.8,NaN,59.5351288283759,59.5351288283759,0,0,59.5351288283759,S4 ACOPF bus dispatch,reference
S5_2025_HIGH_TOTAL_EAST_PUBLIC,S4_GSK__perform_rxb,A,61,DUNKIRK,1292.8,NaN,132.276368542162,132.276368542162,0,0,132.276368542162,S4 ACOPF bus dispatch,reference
S5_2025_HIGH_TOTAL_EAST_PUBLIC,S4_GSK__perform_rxb,C,65,GESONIDGE,2511.2,NaN,7.481832143219,7.481832143219,0,0,7.481832143219,S4 ACOPF bus dispatch,reference
S5_2025_HIGH_TOTAL_EAST_PUBLIC,S4_GSK__perform_rxb,C,68,HILLSIDE,2511.2,NaN,271.054008885173,271.054008885173,0,0,271.054008885173,S4 ACOPF bus dispatch,reference
S5_2025_HIGH_TOTAL_EAST_PUBLIC,S4_GSK__perform_rxb,C,71,BINGHAMTON,2511.2,NaN,643.677757785503,643.677757785503,0,0,643.677757785503,S4 ACOPF bus dispatch,reference
S5_2025_HIGH_TOTAL_EAST_PUBLIC,S4_GSK__perform_rxb,C,72,LAPEER,2511.2,NaN,190.859261556085,190.859261556085,0,0,190.859261556085,S4 ACOPF bus dispatch,reference
S5_2025_HIGH_TOTAL_EAST_PUBLIC,S4_GSK__perform_rxb,I,78,CE UG,0,NaN,0,0,0,0,565.099092,S4 ACOPF bus dispatch,reference
S5_2025_HIGH_TOTAL_EAST_PUBLIC,S4_GSK__perform_rxb,J,79,RAV A-3,2716.24719703063,NaN,1084.68417009029,1084.68417009029,0,0,1777.453484,S4 ACOPF bus dispatch,reference
S5_2025_HIGH_TOTAL_EAST_PUBLIC,S4_GSK__perform_rxb,K,80,NORTHPORT,1629.90673646747,NaN,1133.5515409111,1133.5515409111,0,0,1784.929342,S4 ACOPF bus dispatch,reference
S5_2025_HIGH_TOTAL_EAST_PUBLIC,S4_GSK__perform_rxb,J,82,AK-3,2716.24719703063,NaN,1130.83322379717,1130.83322379717,0,0,1519.623976,S4 ACOPF bus dispatch,reference
S5_2025_HIGH_TOTAL_EAST_PUBLIC,S4_GSK__perform_rxb,J,81,GOETHALS,2716.24719703063,NaN,500.72980314316,500.72980314316,0,0,900,S4 ACOPF bus dispatch,reference
S5_2025_HIGH_TOTAL_EAST_PUBLIC,S4_GSK__perform_rxb,E,43,EDIC,0,NaN,0,0,0,0,400,S4 ACOPF bus dispatch,reference
S5_2025_HIGH_TOTAL_EAST_PUBLIC,S4_GSK__perform_rxb,E,44,PORTER,0,NaN,0,0,0,0,200,S4 ACOPF bus dispatch,reference
S5_2025_HIGH_TOTAL_EAST_PUBLIC,S4_GSK__perform_rxb,F,38,GILBOA,685.520370138346,NaN,12.6751473698721,12.6751473698721,0,0,500,S4 ACOPF bus dispatch,reference
S5_2025_HIGH_TOTAL_EAST_PUBLIC,S4_GSK__perform_rxb,F,41,ROTTERDAM,685.520370138346,NaN,73.8371353496536,73.8371353496536,0,0,300,S4 ACOPF bus dispatch,reference
S5_2025_HIGH_TOTAL_EAST_PUBLIC,S4_GSK__perform_rxb,F,37,NEW SEATHED,685.520370138346,NaN,28.0680540256238,28.0680540256238,0,0,300,S4 ACOPF bus dispatch,reference
S5_2025_HIGH_TOTAL_EAST_PUBLIC,S4_GSK__perform_rxb,G,73,PLEASANT VLY,909.192922757371,NaN,339.173368996997,339.173368996997,0,0,900,S4 ACOPF bus dispatch,reference
S5_2025_HIGH_TOTAL_EAST_PUBLIC,S4_GSK__perform_rxb,G,76,RAMAPO,909.192922757371,NaN,411.562113500415,411.562113500415,0,0,700,S4 ACOPF bus dispatch,reference
S5_2025_HIGH_TOTAL_EAST_PUBLIC,S4_GSK__perform_rxb,G,39,LEEDS,909.192922757371,NaN,158.457440259959,158.457440259959,0,0,600,S4 ACOPF bus dispatch,reference
S5_2025_HIGH_TOTAL_EAST_PUBLIC,S4_GSK__perform_rxb,K,9003,EAST GARDEN CITY,1629.90673646747,NaN,496.355195556374,496.355195556374,0,0,600,S4 ACOPF bus dispatch,reference
S5_2025_HIGH_TOTAL_EAST_PUBLIC,PERFORM_GSK__current,F,37,NEW SEATHED,685.520370138346,0.210302229460617,144.166462180761,144.166462180761,0,0,300,Residual Zone-F plants at New Scotland proxy,medium
S5_2025_HIGH_TOTAL_EAST_PUBLIC,PERFORM_GSK__current,F,38,GILBOA,685.520370138346,0.28871900454521,197.922758861807,197.922758861807,0,0,500,PERFORM Blenheim-Gilboa plant,high
S5_2025_HIGH_TOTAL_EAST_PUBLIC,PERFORM_GSK__current,F,41,ROTTERDAM,685.520370138346,0.099654470089088,68.3151692214123,68.3151692214123,0,0,300,PERFORM Selkirk cluster at Rotterdam proxy,medium
S5_2025_HIGH_TOTAL_EAST_PUBLIC,PERFORM_GSK__current,F,42,ALBANY,685.520370138346,0.401324295905085,275.115979874365,275.115979874365,0,0,1068.003995,PERFORM Bethlehem/Empire Capital-region cluster,medium
S5_2025_HIGH_TOTAL_EAST_PUBLIC,PERFORM_GSK__current,D,47,MOSES W,967.584972520349,0.959329106258799,928.232426917391,928.232426917391,0,0,944.920662,PERFORM Zone-D total allocated to Moses W/E proxies,low
S5_2025_HIGH_TOTAL_EAST_PUBLIC,PERFORM_GSK__current,D,48,MOSES E,967.584972520349,0.0406708937412013,39.3525456029583,39.3525456029583,0,0,40.0600457,PERFORM Zone-D total allocated to Moses W/E proxies,low
S5_2025_HIGH_TOTAL_EAST_PUBLIC,PERFORM_GSK__current,C,50,CLAY,2511.2,0.682385315127198,1713.60600334742,1105.24857748821,-608.357425859215,0,1105.24857748821,PERFORM Nine Mile/Fitzpatrick/Independence/Oswego cluster,high
S5_2025_HIGH_TOTAL_EAST_PUBLIC,PERFORM_GSK__current,C,51,CLAY,2511.2,0.180824507709693,454.08650376058,292.878562141814,-161.207941618766,0,292.878562141814,PERFORM Nine Mile/Fitzpatrick/Independence/Oswego cluster,high
S5_2025_HIGH_TOTAL_EAST_PUBLIC,PERFORM_GSK__current,C,65,GESONIDGE,2511.2,0.024572506913824,61.7064793619949,7.481832143219,-54.2246472187759,0,7.481832143219,PERFORM Greenidge plant,high
S5_2025_HIGH_TOTAL_EAST_PUBLIC,PERFORM_GSK__current,C,68,HILLSIDE,2511.2,0.0597090451253934,149.941354118888,271.054008885173,121.112654766285,0,271.054008885173,Residual Zone-C plants allocated to Hillside/Lapeer proxies,medium
S5_2025_HIGH_TOTAL_EAST_PUBLIC,PERFORM_GSK__current,C,71,BINGHAMTON,2511.2,0.0104652541081939,26.2803461164964,643.677757785502,617.397411669006,0,643.677757785503,PERFORM Binghamton plant,high
S5_2025_HIGH_TOTAL_EAST_PUBLIC,PERFORM_GSK__current,C,72,LAPEER,2511.2,0.0420433710156976,105.57931329462,190.859261556085,85.2799482614649,0,190.859261556085,Residual Zone-C plants allocated to Hillside/Lapeer proxies,medium
S5_2025_HIGH_TOTAL_EAST_PUBLIC,PERFORM_GSK__current,B,53,ROCHESTER,288.8,1,288.8,288.8,0,0,288.8,All PERFORM Zone-B generation at retained Rochester proxy,medium
S5_2025_HIGH_TOTAL_EAST_PUBLIC,PERFORM_GSK__current,A,54,NIAGARA W,1292.8,0.382185175153705,494.08899443871,394.385301787287,-99.7036926514231,0,394.385301787287,PERFORM Niagara hydro plants,high
S5_2025_HIGH_TOTAL_EAST_PUBLIC,PERFORM_GSK__current,A,55,NIAGARA E,1292.8,0.191092587576852,247.044497219355,197.192650893643,-49.8518463257115,0,197.192650893643,PERFORM Niagara hydro plants,high
S5_2025_HIGH_TOTAL_EAST_PUBLIC,PERFORM_GSK__current,A,56,HUNTLEY,1292.8,0.3012848165981,389.501010898024,495.093851384339,105.592840486315,0,495.093851384339,Residual Zone-A plants allocated to Huntley/Dunkirk proxies,medium
S5_2025_HIGH_TOTAL_EAST_PUBLIC,PERFORM_GSK__current,A,57,HUNTLEY,1292.8,0.00871229543477941,11.2632555380828,14.3166985641929,3.05344302611005,0,14.3166985641929,Residual Zone-A plants allocated to Huntley/Dunkirk proxies,medium
S5_2025_HIGH_TOTAL_EAST_PUBLIC,PERFORM_GSK__current,A,60,DUNKIRK,1292.8,0.036229555911566,46.8375698824726,59.5351288283759,12.6975589459033,0,59.5351288283759,Residual Zone-A plants allocated to Huntley/Dunkirk proxies,medium
S5_2025_HIGH_TOTAL_EAST_PUBLIC,PERFORM_GSK__current,A,61,DUNKIRK,1292.8,0.0804955693249973,104.064672023357,132.276368542162,28.2116965188055,0,132.276368542162,Residual Zone-A plants allocated to Huntley/Dunkirk proxies,medium
S5_2025_HIGH_TOTAL_EAST_PUBLIC,PERFORM_GSK__current,I,78,CE UG,0,1,0,0,0,0,565.099092,PERFORM Zone-I residual at CE UG interface proxy,low
S5_2025_HIGH_TOTAL_EAST_PUBLIC,PERFORM_GSK__current,J,79,RAV A-3,2716.24719703063,0.706420369463462,1918.81234848047,1777.453484,-141.358864480467,0,1777.453484,PERFORM Ravenswood/Astoria generation cluster,high
S5_2025_HIGH_TOTAL_EAST_PUBLIC,PERFORM_GSK__current,J,81,GOETHALS,2716.24719703063,0.165299657210587,448.994730568381,488.295692264373,39.3009616959917,0,900,Residual Zone-J generation at Goethals/Gowanus proxy,medium
S5_2025_HIGH_TOTAL_EAST_PUBLIC,PERFORM_GSK__current,J,82,AK-3,2716.24719703063,0.128279973325951,348.440117981778,450.498020766252,102.057902784475,0,1519.623976,PERFORM Arthur-Kill/Narrows generation cluster,high
S5_2025_HIGH_TOTAL_EAST_PUBLIC,PERFORM_GSK__current,K,80,NORTHPORT,1629.90673646747,0.284679453396702,464.000958825162,1029.90673646747,565.905777642309,0,1784.929342,PERFORM Northport plant,high
S5_2025_HIGH_TOTAL_EAST_PUBLIC,PERFORM_GSK__current,K,9003,EAST GARDEN CITY,1629.90673646747,0.715320546603298,1165.90577764231,600,-565.905777642309,0,600,Residual Zone-K plants at East Garden City proxy,medium
S5_2025_HIGH_TOTAL_EAST_PUBLIC,PERFORM_GSK__current,E,43,EDIC,0,0.666666666666667,0,0,0,0,400,PERFORM Zone-E total allocated to Edic/Porter equivalents,low
S5_2025_HIGH_TOTAL_EAST_PUBLIC,PERFORM_GSK__current,E,44,PORTER,0,0.333333333333333,0,0,0,0,200,PERFORM Zone-E total allocated to Edic/Porter equivalents,low
S5_2025_HIGH_TOTAL_EAST_PUBLIC,PERFORM_GSK__current,G,39,LEEDS,909.192922757371,0.408278691528877,371.204096850695,371.204096850695,0,0,600,PERFORM Athens/South-Cairo/West-Coxsackie cluster,medium
S5_2025_HIGH_TOTAL_EAST_PUBLIC,PERFORM_GSK__current,G,73,PLEASANT VLY,909.192922757371,0.358300196665811,325.764003031129,325.764003031129,0,0,900,PERFORM Roseton/CPV-Valley cluster,medium
S5_2025_HIGH_TOTAL_EAST_PUBLIC,PERFORM_GSK__current,G,76,RAMAPO,909.192922757371,0.233421111805312,212.224822875547,212.224822875547,0,0,700,Residual Zone-G plants at Ramapo proxy,medium
S5_2025_HIGH_TOTAL_EAST_PUBLIC,PERFORM_GSK__perform_rx,F,37,NEW SEATHED,685.520370138346,0.210302229460617,144.166462180761,144.166462180761,0,0,300,Residual Zone-F plants at New Scotland proxy,medium
S5_2025_HIGH_TOTAL_EAST_PUBLIC,PERFORM_GSK__perform_rx,F,38,GILBOA,685.520370138346,0.28871900454521,197.922758861807,197.922758861807,0,0,500,PERFORM Blenheim-Gilboa plant,high
S5_2025_HIGH_TOTAL_EAST_PUBLIC,PERFORM_GSK__perform_rx,F,41,ROTTERDAM,685.520370138346,0.099654470089088,68.3151692214123,68.3151692214123,0,0,300,PERFORM Selkirk cluster at Rotterdam proxy,medium
S5_2025_HIGH_TOTAL_EAST_PUBLIC,PERFORM_GSK__perform_rx,F,42,ALBANY,685.520370138346,0.401324295905085,275.115979874365,275.115979874365,0,0,1068.003995,PERFORM Bethlehem/Empire Capital-region cluster,medium
S5_2025_HIGH_TOTAL_EAST_PUBLIC,PERFORM_GSK__perform_rx,D,47,MOSES W,967.584972520349,0.959329106258799,928.232426917391,928.232426917391,0,0,944.920662,PERFORM Zone-D total allocated to Moses W/E proxies,low
S5_2025_HIGH_TOTAL_EAST_PUBLIC,PERFORM_GSK__perform_rx,D,48,MOSES E,967.584972520349,0.0406708937412013,39.3525456029583,39.3525456029583,0,0,40.0600457,PERFORM Zone-D total allocated to Moses W/E proxies,low
S5_2025_HIGH_TOTAL_EAST_PUBLIC,PERFORM_GSK__perform_rx,C,50,CLAY,2511.2,0.682385315127198,1713.60600334742,1105.24857748821,-608.357425859215,0,1105.24857748821,PERFORM Nine Mile/Fitzpatrick/Independence/Oswego cluster,high
S5_2025_HIGH_TOTAL_EAST_PUBLIC,PERFORM_GSK__perform_rx,C,51,CLAY,2511.2,0.180824507709693,454.08650376058,292.878562141814,-161.207941618766,0,292.878562141814,PERFORM Nine Mile/Fitzpatrick/Independence/Oswego cluster,high
S5_2025_HIGH_TOTAL_EAST_PUBLIC,PERFORM_GSK__perform_rx,C,65,GESONIDGE,2511.2,0.024572506913824,61.7064793619949,7.481832143219,-54.2246472187759,0,7.481832143219,PERFORM Greenidge plant,high
S5_2025_HIGH_TOTAL_EAST_PUBLIC,PERFORM_GSK__perform_rx,C,68,HILLSIDE,2511.2,0.0597090451253934,149.941354118888,271.054008885173,121.112654766285,0,271.054008885173,Residual Zone-C plants allocated to Hillside/Lapeer proxies,medium
S5_2025_HIGH_TOTAL_EAST_PUBLIC,PERFORM_GSK__perform_rx,C,71,BINGHAMTON,2511.2,0.0104652541081939,26.2803461164964,643.677757785502,617.397411669006,0,643.677757785503,PERFORM Binghamton plant,high
S5_2025_HIGH_TOTAL_EAST_PUBLIC,PERFORM_GSK__perform_rx,C,72,LAPEER,2511.2,0.0420433710156976,105.57931329462,190.859261556085,85.2799482614649,0,190.859261556085,Residual Zone-C plants allocated to Hillside/Lapeer proxies,medium
S5_2025_HIGH_TOTAL_EAST_PUBLIC,PERFORM_GSK__perform_rx,B,53,ROCHESTER,288.8,1,288.8,288.8,0,0,288.8,All PERFORM Zone-B generation at retained Rochester proxy,medium
S5_2025_HIGH_TOTAL_EAST_PUBLIC,PERFORM_GSK__perform_rx,A,54,NIAGARA W,1292.8,0.382185175153705,494.08899443871,394.385301787287,-99.7036926514231,0,394.385301787287,PERFORM Niagara hydro plants,high
S5_2025_HIGH_TOTAL_EAST_PUBLIC,PERFORM_GSK__perform_rx,A,55,NIAGARA E,1292.8,0.191092587576852,247.044497219355,197.192650893643,-49.8518463257115,0,197.192650893643,PERFORM Niagara hydro plants,high
S5_2025_HIGH_TOTAL_EAST_PUBLIC,PERFORM_GSK__perform_rx,A,56,HUNTLEY,1292.8,0.3012848165981,389.501010898024,495.093851384339,105.592840486315,0,495.093851384339,Residual Zone-A plants allocated to Huntley/Dunkirk proxies,medium
S5_2025_HIGH_TOTAL_EAST_PUBLIC,PERFORM_GSK__perform_rx,A,57,HUNTLEY,1292.8,0.00871229543477941,11.2632555380828,14.3166985641929,3.05344302611005,0,14.3166985641929,Residual Zone-A plants allocated to Huntley/Dunkirk proxies,medium
S5_2025_HIGH_TOTAL_EAST_PUBLIC,PERFORM_GSK__perform_rx,A,60,DUNKIRK,1292.8,0.036229555911566,46.8375698824726,59.5351288283759,12.6975589459033,0,59.5351288283759,Residual Zone-A plants allocated to Huntley/Dunkirk proxies,medium
S5_2025_HIGH_TOTAL_EAST_PUBLIC,PERFORM_GSK__perform_rx,A,61,DUNKIRK,1292.8,0.0804955693249973,104.064672023357,132.276368542162,28.2116965188055,0,132.276368542162,Residual Zone-A plants allocated to Huntley/Dunkirk proxies,medium
S5_2025_HIGH_TOTAL_EAST_PUBLIC,PERFORM_GSK__perform_rx,I,78,CE UG,0,1,0,0,0,0,565.099092,PERFORM Zone-I residual at CE UG interface proxy,low
S5_2025_HIGH_TOTAL_EAST_PUBLIC,PERFORM_GSK__perform_rx,J,79,RAV A-3,2716.24719703063,0.706420369463462,1918.81234848047,1777.453484,-141.358864480467,0,1777.453484,PERFORM Ravenswood/Astoria generation cluster,high
S5_2025_HIGH_TOTAL_EAST_PUBLIC,PERFORM_GSK__perform_rx,J,81,GOETHALS,2716.24719703063,0.165299657210587,448.994730568381,488.295692264373,39.3009616959917,0,900,Residual Zone-J generation at Goethals/Gowanus proxy,medium
S5_2025_HIGH_TOTAL_EAST_PUBLIC,PERFORM_GSK__perform_rx,J,82,AK-3,2716.24719703063,0.128279973325951,348.440117981778,450.498020766252,102.057902784475,0,1519.623976,PERFORM Arthur-Kill/Narrows generation cluster,high
S5_2025_HIGH_TOTAL_EAST_PUBLIC,PERFORM_GSK__perform_rx,K,80,NORTHPORT,1629.90673646747,0.284679453396702,464.000958825162,1029.90673646747,565.905777642309,0,1784.929342,PERFORM Northport plant,high
S5_2025_HIGH_TOTAL_EAST_PUBLIC,PERFORM_GSK__perform_rx,K,9003,EAST GARDEN CITY,1629.90673646747,0.715320546603298,1165.90577764231,600,-565.905777642309,0,600,Residual Zone-K plants at East Garden City proxy,medium
S5_2025_HIGH_TOTAL_EAST_PUBLIC,PERFORM_GSK__perform_rx,E,43,EDIC,0,0.666666666666667,0,0,0,0,400,PERFORM Zone-E total allocated to Edic/Porter equivalents,low
S5_2025_HIGH_TOTAL_EAST_PUBLIC,PERFORM_GSK__perform_rx,E,44,PORTER,0,0.333333333333333,0,0,0,0,200,PERFORM Zone-E total allocated to Edic/Porter equivalents,low
S5_2025_HIGH_TOTAL_EAST_PUBLIC,PERFORM_GSK__perform_rx,G,39,LEEDS,909.192922757371,0.408278691528877,371.204096850695,371.204096850695,0,0,600,PERFORM Athens/South-Cairo/West-Coxsackie cluster,medium
S5_2025_HIGH_TOTAL_EAST_PUBLIC,PERFORM_GSK__perform_rx,G,73,PLEASANT VLY,909.192922757371,0.358300196665811,325.764003031129,325.764003031129,0,0,900,PERFORM Roseton/CPV-Valley cluster,medium
S5_2025_HIGH_TOTAL_EAST_PUBLIC,PERFORM_GSK__perform_rx,G,76,RAMAPO,909.192922757371,0.233421111805312,212.224822875547,212.224822875547,0,0,700,Residual Zone-G plants at Ramapo proxy,medium
S5_2025_HIGH_TOTAL_EAST_PUBLIC,PERFORM_GSK__perform_rxb,F,37,NEW SEATHED,685.520370138346,0.210302229460617,144.166462180761,144.166462180761,0,0,300,Residual Zone-F plants at New Scotland proxy,medium
S5_2025_HIGH_TOTAL_EAST_PUBLIC,PERFORM_GSK__perform_rxb,F,38,GILBOA,685.520370138346,0.28871900454521,197.922758861807,197.922758861807,0,0,500,PERFORM Blenheim-Gilboa plant,high
S5_2025_HIGH_TOTAL_EAST_PUBLIC,PERFORM_GSK__perform_rxb,F,41,ROTTERDAM,685.520370138346,0.099654470089088,68.3151692214123,68.3151692214123,0,0,300,PERFORM Selkirk cluster at Rotterdam proxy,medium
S5_2025_HIGH_TOTAL_EAST_PUBLIC,PERFORM_GSK__perform_rxb,F,42,ALBANY,685.520370138346,0.401324295905085,275.115979874365,275.115979874365,0,0,1068.003995,PERFORM Bethlehem/Empire Capital-region cluster,medium
S5_2025_HIGH_TOTAL_EAST_PUBLIC,PERFORM_GSK__perform_rxb,D,47,MOSES W,967.584972520349,0.959329106258799,928.232426917391,928.232426917391,0,0,944.920662,PERFORM Zone-D total allocated to Moses W/E proxies,low
S5_2025_HIGH_TOTAL_EAST_PUBLIC,PERFORM_GSK__perform_rxb,D,48,MOSES E,967.584972520349,0.0406708937412013,39.3525456029583,39.3525456029583,0,0,40.0600457,PERFORM Zone-D total allocated to Moses W/E proxies,low
S5_2025_HIGH_TOTAL_EAST_PUBLIC,PERFORM_GSK__perform_rxb,C,50,CLAY,2511.2,0.682385315127198,1713.60600334742,1105.24857748821,-608.357425859215,0,1105.24857748821,PERFORM Nine Mile/Fitzpatrick/Independence/Oswego cluster,high
S5_2025_HIGH_TOTAL_EAST_PUBLIC,PERFORM_GSK__perform_rxb,C,51,CLAY,2511.2,0.180824507709693,454.08650376058,292.878562141814,-161.207941618766,0,292.878562141814,PERFORM Nine Mile/Fitzpatrick/Independence/Oswego cluster,high
S5_2025_HIGH_TOTAL_EAST_PUBLIC,PERFORM_GSK__perform_rxb,C,65,GESONIDGE,2511.2,0.024572506913824,61.7064793619949,7.481832143219,-54.2246472187759,0,7.481832143219,PERFORM Greenidge plant,high
S5_2025_HIGH_TOTAL_EAST_PUBLIC,PERFORM_GSK__perform_rxb,C,68,HILLSIDE,2511.2,0.0597090451253934,149.941354118888,271.054008885173,121.112654766285,0,271.054008885173,Residual Zone-C plants allocated to Hillside/Lapeer proxies,medium
S5_2025_HIGH_TOTAL_EAST_PUBLIC,PERFORM_GSK__perform_rxb,C,71,BINGHAMTON,2511.2,0.0104652541081939,26.2803461164964,643.677757785502,617.397411669006,0,643.677757785503,PERFORM Binghamton plant,high
S5_2025_HIGH_TOTAL_EAST_PUBLIC,PERFORM_GSK__perform_rxb,C,72,LAPEER,2511.2,0.0420433710156976,105.57931329462,190.859261556085,85.2799482614649,0,190.859261556085,Residual Zone-C plants allocated to Hillside/Lapeer proxies,medium
S5_2025_HIGH_TOTAL_EAST_PUBLIC,PERFORM_GSK__perform_rxb,B,53,ROCHESTER,288.8,1,288.8,288.8,0,0,288.8,All PERFORM Zone-B generation at retained Rochester proxy,medium
S5_2025_HIGH_TOTAL_EAST_PUBLIC,PERFORM_GSK__perform_rxb,A,54,NIAGARA W,1292.8,0.382185175153705,494.08899443871,394.385301787287,-99.7036926514231,0,394.385301787287,PERFORM Niagara hydro plants,high
S5_2025_HIGH_TOTAL_EAST_PUBLIC,PERFORM_GSK__perform_rxb,A,55,NIAGARA E,1292.8,0.191092587576852,247.044497219355,197.192650893643,-49.8518463257115,0,197.192650893643,PERFORM Niagara hydro plants,high
S5_2025_HIGH_TOTAL_EAST_PUBLIC,PERFORM_GSK__perform_rxb,A,56,HUNTLEY,1292.8,0.3012848165981,389.501010898024,495.093851384339,105.592840486315,0,495.093851384339,Residual Zone-A plants allocated to Huntley/Dunkirk proxies,medium
S5_2025_HIGH_TOTAL_EAST_PUBLIC,PERFORM_GSK__perform_rxb,A,57,HUNTLEY,1292.8,0.00871229543477941,11.2632555380828,14.3166985641929,3.05344302611005,0,14.3166985641929,Residual Zone-A plants allocated to Huntley/Dunkirk proxies,medium
S5_2025_HIGH_TOTAL_EAST_PUBLIC,PERFORM_GSK__perform_rxb,A,60,DUNKIRK,1292.8,0.036229555911566,46.8375698824726,59.5351288283759,12.6975589459033,0,59.5351288283759,Residual Zone-A plants allocated to Huntley/Dunkirk proxies,medium
S5_2025_HIGH_TOTAL_EAST_PUBLIC,PERFORM_GSK__perform_rxb,A,61,DUNKIRK,1292.8,0.0804955693249973,104.064672023357,132.276368542162,28.2116965188055,0,132.276368542162,Residual Zone-A plants allocated to Huntley/Dunkirk proxies,medium
S5_2025_HIGH_TOTAL_EAST_PUBLIC,PERFORM_GSK__perform_rxb,I,78,CE UG,0,1,0,0,0,0,565.099092,PERFORM Zone-I residual at CE UG interface proxy,low
S5_2025_HIGH_TOTAL_EAST_PUBLIC,PERFORM_GSK__perform_rxb,J,79,RAV A-3,2716.24719703063,0.706420369463462,1918.81234848047,1777.453484,-141.358864480467,0,1777.453484,PERFORM Ravenswood/Astoria generation cluster,high
S5_2025_HIGH_TOTAL_EAST_PUBLIC,PERFORM_GSK__perform_rxb,J,81,GOETHALS,2716.24719703063,0.165299657210587,448.994730568381,488.295692264373,39.3009616959917,0,900,Residual Zone-J generation at Goethals/Gowanus proxy,medium
S5_2025_HIGH_TOTAL_EAST_PUBLIC,PERFORM_GSK__perform_rxb,J,82,AK-3,2716.24719703063,0.128279973325951,348.440117981778,450.498020766252,102.057902784475,0,1519.623976,PERFORM Arthur-Kill/Narrows generation cluster,high
S5_2025_HIGH_TOTAL_EAST_PUBLIC,PERFORM_GSK__perform_rxb,K,80,NORTHPORT,1629.90673646747,0.284679453396702,464.000958825162,1029.90673646747,565.905777642309,0,1784.929342,PERFORM Northport plant,high
S5_2025_HIGH_TOTAL_EAST_PUBLIC,PERFORM_GSK__perform_rxb,K,9003,EAST GARDEN CITY,1629.90673646747,0.715320546603298,1165.90577764231,600,-565.905777642309,0,600,Residual Zone-K plants at East Garden City proxy,medium
S5_2025_HIGH_TOTAL_EAST_PUBLIC,PERFORM_GSK__perform_rxb,E,43,EDIC,0,0.666666666666667,0,0,0,0,400,PERFORM Zone-E total allocated to Edic/Porter equivalents,low
S5_2025_HIGH_TOTAL_EAST_PUBLIC,PERFORM_GSK__perform_rxb,E,44,PORTER,0,0.333333333333333,0,0,0,0,200,PERFORM Zone-E total allocated to Edic/Porter equivalents,low
S5_2025_HIGH_TOTAL_EAST_PUBLIC,PERFORM_GSK__perform_rxb,G,39,LEEDS,909.192922757371,0.408278691528877,371.204096850695,371.204096850695,0,0,600,PERFORM Athens/South-Cairo/West-Coxsackie cluster,medium
S5_2025_HIGH_TOTAL_EAST_PUBLIC,PERFORM_GSK__perform_rxb,G,73,PLEASANT VLY,909.192922757371,0.358300196665811,325.764003031129,325.764003031129,0,0,900,PERFORM Roseton/CPV-Valley cluster,medium
S5_2025_HIGH_TOTAL_EAST_PUBLIC,PERFORM_GSK__perform_rxb,G,76,RAMAPO,909.192922757371,0.233421111805312,212.224822875547,212.224822875547,0,0,700,Residual Zone-G plants at Ramapo proxy,medium
S5_2025_HIGH_TOTAL_EAST_PUBLIC,PERFORM_CAP_GSK__current,F,37,NEW SEATHED,685.520370138346,0.210302229460617,144.166462180761,144.166462180761,0,0,455.936073628024,Residual Zone-F plants at New Scotland proxy,medium
S5_2025_HIGH_TOTAL_EAST_PUBLIC,PERFORM_CAP_GSK__current,F,38,GILBOA,685.520370138346,0.28871900454521,197.922758861807,197.922758861807,0,0,625.943955286439,PERFORM Blenheim-Gilboa plant,high
S5_2025_HIGH_TOTAL_EAST_PUBLIC,PERFORM_CAP_GSK__current,F,41,ROTTERDAM,685.520370138346,0.099654470089088,68.3151692214123,68.3151692214123,0,0,216.051289272751,PERFORM Selkirk cluster at Rotterdam proxy,medium
S5_2025_HIGH_TOTAL_EAST_PUBLIC,PERFORM_CAP_GSK__current,F,42,ALBANY,685.520370138346,0.401324295905085,275.115979874365,275.115979874365,0,0,870.072676812786,PERFORM Bethlehem/Empire Capital-region cluster,medium
S5_2025_HIGH_TOTAL_EAST_PUBLIC,PERFORM_CAP_GSK__current,D,47,MOSES W,967.584972520349,0.959329106258799,928.232426917391,928.232426917391,0,0,944.920662,PERFORM Zone-D total allocated to Moses W/E proxies,low
S5_2025_HIGH_TOTAL_EAST_PUBLIC,PERFORM_CAP_GSK__current,D,48,MOSES E,967.584972520349,0.0406708937412013,39.3525456029583,39.3525456029583,0,0,40.0600457,PERFORM Zone-D total allocated to Moses W/E proxies,low
S5_2025_HIGH_TOTAL_EAST_PUBLIC,PERFORM_CAP_GSK__current,C,50,CLAY,2511.2,0.682385315127198,1713.60600334742,1713.60600334742,0,0,1713.60600334742,PERFORM Nine Mile/Fitzpatrick/Independence/Oswego cluster,high
S5_2025_HIGH_TOTAL_EAST_PUBLIC,PERFORM_CAP_GSK__current,C,51,CLAY,2511.2,0.180824507709693,454.08650376058,454.08650376058,0,0,454.08650376058,PERFORM Nine Mile/Fitzpatrick/Independence/Oswego cluster,high
S5_2025_HIGH_TOTAL_EAST_PUBLIC,PERFORM_CAP_GSK__current,C,65,GESONIDGE,2511.2,0.024572506913824,61.7064793619949,61.7064793619949,0,0,61.7064793619949,PERFORM Greenidge plant,high
S5_2025_HIGH_TOTAL_EAST_PUBLIC,PERFORM_CAP_GSK__current,C,68,HILLSIDE,2511.2,0.0597090451253934,149.941354118888,149.941354118888,0,0,149.941354118888,Residual Zone-C plants allocated to Hillside/Lapeer proxies,medium
S5_2025_HIGH_TOTAL_EAST_PUBLIC,PERFORM_CAP_GSK__current,C,71,BINGHAMTON,2511.2,0.0104652541081939,26.2803461164964,26.2803461164964,0,0,26.2803461164964,PERFORM Binghamton plant,high
S5_2025_HIGH_TOTAL_EAST_PUBLIC,PERFORM_CAP_GSK__current,C,72,LAPEER,2511.2,0.0420433710156976,105.57931329462,105.57931329462,0,0,105.57931329462,Residual Zone-C plants allocated to Hillside/Lapeer proxies,medium
S5_2025_HIGH_TOTAL_EAST_PUBLIC,PERFORM_CAP_GSK__current,B,53,ROCHESTER,288.8,1,288.8,288.8,0,0,288.8,All PERFORM Zone-B generation at retained Rochester proxy,medium
S5_2025_HIGH_TOTAL_EAST_PUBLIC,PERFORM_CAP_GSK__current,A,54,NIAGARA W,1292.8,0.382185175153705,494.08899443871,494.08899443871,-5.6843418860808e-14,0,494.08899443871,PERFORM Niagara hydro plants,high
S5_2025_HIGH_TOTAL_EAST_PUBLIC,PERFORM_CAP_GSK__current,A,55,NIAGARA E,1292.8,0.191092587576852,247.044497219355,247.044497219355,-2.8421709430404e-14,0,247.044497219355,PERFORM Niagara hydro plants,high
S5_2025_HIGH_TOTAL_EAST_PUBLIC,PERFORM_CAP_GSK__current,A,56,HUNTLEY,1292.8,0.3012848165981,389.501010898024,389.501010898024,-5.6843418860808e-14,0,389.501010898024,Residual Zone-A plants allocated to Huntley/Dunkirk proxies,medium
S5_2025_HIGH_TOTAL_EAST_PUBLIC,PERFORM_CAP_GSK__current,A,57,HUNTLEY,1292.8,0.00871229543477941,11.2632555380828,11.2632555380828,-1.77635683940025e-15,0,11.2632555380828,Residual Zone-A plants allocated to Huntley/Dunkirk proxies,medium
S5_2025_HIGH_TOTAL_EAST_PUBLIC,PERFORM_CAP_GSK__current,A,60,DUNKIRK,1292.8,0.036229555911566,46.8375698824726,46.8375698824726,-7.105427357601e-15,0,46.8375698824726,Residual Zone-A plants allocated to Huntley/Dunkirk proxies,medium
S5_2025_HIGH_TOTAL_EAST_PUBLIC,PERFORM_CAP_GSK__current,A,61,DUNKIRK,1292.8,0.0804955693249973,104.064672023357,104.064672023357,-1.4210854715202e-14,0,104.064672023357,Residual Zone-A plants allocated to Huntley/Dunkirk proxies,medium
S5_2025_HIGH_TOTAL_EAST_PUBLIC,PERFORM_CAP_GSK__current,I,78,CE UG,0,1,0,0,0,0,565.099092,PERFORM Zone-I residual at CE UG interface proxy,low
S5_2025_HIGH_TOTAL_EAST_PUBLIC,PERFORM_CAP_GSK__current,J,79,RAV A-3,2716.24719703063,0.706420369463462,1918.81234848047,1918.81234848047,0,0,2964.90100995997,PERFORM Ravenswood/Astoria generation cluster,high
S5_2025_HIGH_TOTAL_EAST_PUBLIC,PERFORM_CAP_GSK__current,J,81,GOETHALS,2716.24719703063,0.165299657210587,448.994730568381,448.994730568381,0,0,693.775465424283,Residual Zone-J generation at Goethals/Gowanus proxy,medium
S5_2025_HIGH_TOTAL_EAST_PUBLIC,PERFORM_CAP_GSK__current,J,82,AK-3,2716.24719703063,0.128279973325951,348.440117981778,348.440117981778,0,0,538.40098461575,PERFORM Arthur-Kill/Narrows generation cluster,high
S5_2025_HIGH_TOTAL_EAST_PUBLIC,PERFORM_CAP_GSK__current,K,80,NORTHPORT,1629.90673646747,0.284679453396702,464.000958825162,464.000958825162,0,0,678.940381470316,PERFORM Northport plant,high
S5_2025_HIGH_TOTAL_EAST_PUBLIC,PERFORM_CAP_GSK__current,K,9003,EAST GARDEN CITY,1629.90673646747,0.715320546603298,1165.90577764231,1165.90577764231,0,0,1705.98896052968,Residual Zone-K plants at East Garden City proxy,medium
S5_2025_HIGH_TOTAL_EAST_PUBLIC,PERFORM_CAP_GSK__current,E,43,EDIC,0,0.666666666666667,0,0,0,0,400,PERFORM Zone-E total allocated to Edic/Porter equivalents,low
S5_2025_HIGH_TOTAL_EAST_PUBLIC,PERFORM_CAP_GSK__current,E,44,PORTER,0,0.333333333333333,0,0,0,0,200,PERFORM Zone-E total allocated to Edic/Porter equivalents,low
S5_2025_HIGH_TOTAL_EAST_PUBLIC,PERFORM_CAP_GSK__current,G,39,LEEDS,909.192922757371,0.408278691528877,371.204096850695,371.204096850695,0,0,898.21312136353,PERFORM Athens/South-Cairo/West-Coxsackie cluster,medium
S5_2025_HIGH_TOTAL_EAST_PUBLIC,PERFORM_CAP_GSK__current,G,73,PLEASANT VLY,909.192922757371,0.358300196665811,325.764003031129,325.764003031129,0,0,788.260432664784,PERFORM Roseton/CPV-Valley cluster,medium
S5_2025_HIGH_TOTAL_EAST_PUBLIC,PERFORM_CAP_GSK__current,G,76,RAMAPO,909.192922757371,0.233421111805312,212.224822875547,212.224822875547,0,0,513.526445971687,Residual Zone-G plants at Ramapo proxy,medium
S5_2025_HIGH_TOTAL_EAST_PUBLIC,PERFORM_CAP_GSK__perform_rx,F,37,NEW SEATHED,685.520370138346,0.210302229460617,144.166462180761,144.166462180761,0,0,455.936073628024,Residual Zone-F plants at New Scotland proxy,medium
S5_2025_HIGH_TOTAL_EAST_PUBLIC,PERFORM_CAP_GSK__perform_rx,F,38,GILBOA,685.520370138346,0.28871900454521,197.922758861807,197.922758861807,0,0,625.943955286439,PERFORM Blenheim-Gilboa plant,high
S5_2025_HIGH_TOTAL_EAST_PUBLIC,PERFORM_CAP_GSK__perform_rx,F,41,ROTTERDAM,685.520370138346,0.099654470089088,68.3151692214123,68.3151692214123,0,0,216.051289272751,PERFORM Selkirk cluster at Rotterdam proxy,medium
S5_2025_HIGH_TOTAL_EAST_PUBLIC,PERFORM_CAP_GSK__perform_rx,F,42,ALBANY,685.520370138346,0.401324295905085,275.115979874365,275.115979874365,0,0,870.072676812786,PERFORM Bethlehem/Empire Capital-region cluster,medium
S5_2025_HIGH_TOTAL_EAST_PUBLIC,PERFORM_CAP_GSK__perform_rx,D,47,MOSES W,967.584972520349,0.959329106258799,928.232426917391,928.232426917391,0,0,944.920662,PERFORM Zone-D total allocated to Moses W/E proxies,low
S5_2025_HIGH_TOTAL_EAST_PUBLIC,PERFORM_CAP_GSK__perform_rx,D,48,MOSES E,967.584972520349,0.0406708937412013,39.3525456029583,39.3525456029583,0,0,40.0600457,PERFORM Zone-D total allocated to Moses W/E proxies,low
S5_2025_HIGH_TOTAL_EAST_PUBLIC,PERFORM_CAP_GSK__perform_rx,C,50,CLAY,2511.2,0.682385315127198,1713.60600334742,1713.60600334742,0,0,1713.60600334742,PERFORM Nine Mile/Fitzpatrick/Independence/Oswego cluster,high
S5_2025_HIGH_TOTAL_EAST_PUBLIC,PERFORM_CAP_GSK__perform_rx,C,51,CLAY,2511.2,0.180824507709693,454.08650376058,454.08650376058,0,0,454.08650376058,PERFORM Nine Mile/Fitzpatrick/Independence/Oswego cluster,high
S5_2025_HIGH_TOTAL_EAST_PUBLIC,PERFORM_CAP_GSK__perform_rx,C,65,GESONIDGE,2511.2,0.024572506913824,61.7064793619949,61.7064793619949,0,0,61.7064793619949,PERFORM Greenidge plant,high
S5_2025_HIGH_TOTAL_EAST_PUBLIC,PERFORM_CAP_GSK__perform_rx,C,68,HILLSIDE,2511.2,0.0597090451253934,149.941354118888,149.941354118888,0,0,149.941354118888,Residual Zone-C plants allocated to Hillside/Lapeer proxies,medium
S5_2025_HIGH_TOTAL_EAST_PUBLIC,PERFORM_CAP_GSK__perform_rx,C,71,BINGHAMTON,2511.2,0.0104652541081939,26.2803461164964,26.2803461164964,0,0,26.2803461164964,PERFORM Binghamton plant,high
S5_2025_HIGH_TOTAL_EAST_PUBLIC,PERFORM_CAP_GSK__perform_rx,C,72,LAPEER,2511.2,0.0420433710156976,105.57931329462,105.57931329462,0,0,105.57931329462,Residual Zone-C plants allocated to Hillside/Lapeer proxies,medium
S5_2025_HIGH_TOTAL_EAST_PUBLIC,PERFORM_CAP_GSK__perform_rx,B,53,ROCHESTER,288.8,1,288.8,288.8,0,0,288.8,All PERFORM Zone-B generation at retained Rochester proxy,medium
S5_2025_HIGH_TOTAL_EAST_PUBLIC,PERFORM_CAP_GSK__perform_rx,A,54,NIAGARA W,1292.8,0.382185175153705,494.08899443871,494.08899443871,-5.6843418860808e-14,0,494.08899443871,PERFORM Niagara hydro plants,high
S5_2025_HIGH_TOTAL_EAST_PUBLIC,PERFORM_CAP_GSK__perform_rx,A,55,NIAGARA E,1292.8,0.191092587576852,247.044497219355,247.044497219355,-2.8421709430404e-14,0,247.044497219355,PERFORM Niagara hydro plants,high
S5_2025_HIGH_TOTAL_EAST_PUBLIC,PERFORM_CAP_GSK__perform_rx,A,56,HUNTLEY,1292.8,0.3012848165981,389.501010898024,389.501010898024,-5.6843418860808e-14,0,389.501010898024,Residual Zone-A plants allocated to Huntley/Dunkirk proxies,medium
S5_2025_HIGH_TOTAL_EAST_PUBLIC,PERFORM_CAP_GSK__perform_rx,A,57,HUNTLEY,1292.8,0.00871229543477941,11.2632555380828,11.2632555380828,-1.77635683940025e-15,0,11.2632555380828,Residual Zone-A plants allocated to Huntley/Dunkirk proxies,medium
S5_2025_HIGH_TOTAL_EAST_PUBLIC,PERFORM_CAP_GSK__perform_rx,A,60,DUNKIRK,1292.8,0.036229555911566,46.8375698824726,46.8375698824726,-7.105427357601e-15,0,46.8375698824726,Residual Zone-A plants allocated to Huntley/Dunkirk proxies,medium
S5_2025_HIGH_TOTAL_EAST_PUBLIC,PERFORM_CAP_GSK__perform_rx,A,61,DUNKIRK,1292.8,0.0804955693249973,104.064672023357,104.064672023357,-1.4210854715202e-14,0,104.064672023357,Residual Zone-A plants allocated to Huntley/Dunkirk proxies,medium
S5_2025_HIGH_TOTAL_EAST_PUBLIC,PERFORM_CAP_GSK__perform_rx,I,78,CE UG,0,1,0,0,0,0,565.099092,PERFORM Zone-I residual at CE UG interface proxy,low
S5_2025_HIGH_TOTAL_EAST_PUBLIC,PERFORM_CAP_GSK__perform_rx,J,79,RAV A-3,2716.24719703063,0.706420369463462,1918.81234848047,1918.81234848047,0,0,2964.90100995997,PERFORM Ravenswood/Astoria generation cluster,high
S5_2025_HIGH_TOTAL_EAST_PUBLIC,PERFORM_CAP_GSK__perform_rx,J,81,GOETHALS,2716.24719703063,0.165299657210587,448.994730568381,448.994730568381,0,0,693.775465424283,Residual Zone-J generation at Goethals/Gowanus proxy,medium
S5_2025_HIGH_TOTAL_EAST_PUBLIC,PERFORM_CAP_GSK__perform_rx,J,82,AK-3,2716.24719703063,0.128279973325951,348.440117981778,348.440117981778,0,0,538.40098461575,PERFORM Arthur-Kill/Narrows generation cluster,high
S5_2025_HIGH_TOTAL_EAST_PUBLIC,PERFORM_CAP_GSK__perform_rx,K,80,NORTHPORT,1629.90673646747,0.284679453396702,464.000958825162,464.000958825162,0,0,678.940381470316,PERFORM Northport plant,high
S5_2025_HIGH_TOTAL_EAST_PUBLIC,PERFORM_CAP_GSK__perform_rx,K,9003,EAST GARDEN CITY,1629.90673646747,0.715320546603298,1165.90577764231,1165.90577764231,0,0,1705.98896052968,Residual Zone-K plants at East Garden City proxy,medium
S5_2025_HIGH_TOTAL_EAST_PUBLIC,PERFORM_CAP_GSK__perform_rx,E,43,EDIC,0,0.666666666666667,0,0,0,0,400,PERFORM Zone-E total allocated to Edic/Porter equivalents,low
S5_2025_HIGH_TOTAL_EAST_PUBLIC,PERFORM_CAP_GSK__perform_rx,E,44,PORTER,0,0.333333333333333,0,0,0,0,200,PERFORM Zone-E total allocated to Edic/Porter equivalents,low
S5_2025_HIGH_TOTAL_EAST_PUBLIC,PERFORM_CAP_GSK__perform_rx,G,39,LEEDS,909.192922757371,0.408278691528877,371.204096850695,371.204096850695,0,0,898.21312136353,PERFORM Athens/South-Cairo/West-Coxsackie cluster,medium
S5_2025_HIGH_TOTAL_EAST_PUBLIC,PERFORM_CAP_GSK__perform_rx,G,73,PLEASANT VLY,909.192922757371,0.358300196665811,325.764003031129,325.764003031129,0,0,788.260432664784,PERFORM Roseton/CPV-Valley cluster,medium
S5_2025_HIGH_TOTAL_EAST_PUBLIC,PERFORM_CAP_GSK__perform_rx,G,76,RAMAPO,909.192922757371,0.233421111805312,212.224822875547,212.224822875547,0,0,513.526445971687,Residual Zone-G plants at Ramapo proxy,medium
S5_2025_HIGH_TOTAL_EAST_PUBLIC,PERFORM_CAP_GSK__perform_rxb,F,37,NEW SEATHED,685.520370138346,0.210302229460617,144.166462180761,144.166462180761,0,0,455.936073628024,Residual Zone-F plants at New Scotland proxy,medium
S5_2025_HIGH_TOTAL_EAST_PUBLIC,PERFORM_CAP_GSK__perform_rxb,F,38,GILBOA,685.520370138346,0.28871900454521,197.922758861807,197.922758861807,0,0,625.943955286439,PERFORM Blenheim-Gilboa plant,high
S5_2025_HIGH_TOTAL_EAST_PUBLIC,PERFORM_CAP_GSK__perform_rxb,F,41,ROTTERDAM,685.520370138346,0.099654470089088,68.3151692214123,68.3151692214123,0,0,216.051289272751,PERFORM Selkirk cluster at Rotterdam proxy,medium
S5_2025_HIGH_TOTAL_EAST_PUBLIC,PERFORM_CAP_GSK__perform_rxb,F,42,ALBANY,685.520370138346,0.401324295905085,275.115979874365,275.115979874365,0,0,870.072676812786,PERFORM Bethlehem/Empire Capital-region cluster,medium
S5_2025_HIGH_TOTAL_EAST_PUBLIC,PERFORM_CAP_GSK__perform_rxb,D,47,MOSES W,967.584972520349,0.959329106258799,928.232426917391,928.232426917391,0,0,944.920662,PERFORM Zone-D total allocated to Moses W/E proxies,low
S5_2025_HIGH_TOTAL_EAST_PUBLIC,PERFORM_CAP_GSK__perform_rxb,D,48,MOSES E,967.584972520349,0.0406708937412013,39.3525456029583,39.3525456029583,0,0,40.0600457,PERFORM Zone-D total allocated to Moses W/E proxies,low
S5_2025_HIGH_TOTAL_EAST_PUBLIC,PERFORM_CAP_GSK__perform_rxb,C,50,CLAY,2511.2,0.682385315127198,1713.60600334742,1713.60600334742,0,0,1713.60600334742,PERFORM Nine Mile/Fitzpatrick/Independence/Oswego cluster,high
S5_2025_HIGH_TOTAL_EAST_PUBLIC,PERFORM_CAP_GSK__perform_rxb,C,51,CLAY,2511.2,0.180824507709693,454.08650376058,454.08650376058,0,0,454.08650376058,PERFORM Nine Mile/Fitzpatrick/Independence/Oswego cluster,high
S5_2025_HIGH_TOTAL_EAST_PUBLIC,PERFORM_CAP_GSK__perform_rxb,C,65,GESONIDGE,2511.2,0.024572506913824,61.7064793619949,61.7064793619949,0,0,61.7064793619949,PERFORM Greenidge plant,high
S5_2025_HIGH_TOTAL_EAST_PUBLIC,PERFORM_CAP_GSK__perform_rxb,C,68,HILLSIDE,2511.2,0.0597090451253934,149.941354118888,149.941354118888,0,0,149.941354118888,Residual Zone-C plants allocated to Hillside/Lapeer proxies,medium
S5_2025_HIGH_TOTAL_EAST_PUBLIC,PERFORM_CAP_GSK__perform_rxb,C,71,BINGHAMTON,2511.2,0.0104652541081939,26.2803461164964,26.2803461164964,0,0,26.2803461164964,PERFORM Binghamton plant,high
S5_2025_HIGH_TOTAL_EAST_PUBLIC,PERFORM_CAP_GSK__perform_rxb,C,72,LAPEER,2511.2,0.0420433710156976,105.57931329462,105.57931329462,0,0,105.57931329462,Residual Zone-C plants allocated to Hillside/Lapeer proxies,medium
S5_2025_HIGH_TOTAL_EAST_PUBLIC,PERFORM_CAP_GSK__perform_rxb,B,53,ROCHESTER,288.8,1,288.8,288.8,0,0,288.8,All PERFORM Zone-B generation at retained Rochester proxy,medium
S5_2025_HIGH_TOTAL_EAST_PUBLIC,PERFORM_CAP_GSK__perform_rxb,A,54,NIAGARA W,1292.8,0.382185175153705,494.08899443871,494.08899443871,-5.6843418860808e-14,0,494.08899443871,PERFORM Niagara hydro plants,high
S5_2025_HIGH_TOTAL_EAST_PUBLIC,PERFORM_CAP_GSK__perform_rxb,A,55,NIAGARA E,1292.8,0.191092587576852,247.044497219355,247.044497219355,-2.8421709430404e-14,0,247.044497219355,PERFORM Niagara hydro plants,high
S5_2025_HIGH_TOTAL_EAST_PUBLIC,PERFORM_CAP_GSK__perform_rxb,A,56,HUNTLEY,1292.8,0.3012848165981,389.501010898024,389.501010898024,-5.6843418860808e-14,0,389.501010898024,Residual Zone-A plants allocated to Huntley/Dunkirk proxies,medium
S5_2025_HIGH_TOTAL_EAST_PUBLIC,PERFORM_CAP_GSK__perform_rxb,A,57,HUNTLEY,1292.8,0.00871229543477941,11.2632555380828,11.2632555380828,-1.77635683940025e-15,0,11.2632555380828,Residual Zone-A plants allocated to Huntley/Dunkirk proxies,medium
S5_2025_HIGH_TOTAL_EAST_PUBLIC,PERFORM_CAP_GSK__perform_rxb,A,60,DUNKIRK,1292.8,0.036229555911566,46.8375698824726,46.8375698824726,-7.105427357601e-15,0,46.8375698824726,Residual Zone-A plants allocated to Huntley/Dunkirk proxies,medium
S5_2025_HIGH_TOTAL_EAST_PUBLIC,PERFORM_CAP_GSK__perform_rxb,A,61,DUNKIRK,1292.8,0.0804955693249973,104.064672023357,104.064672023357,-1.4210854715202e-14,0,104.064672023357,Residual Zone-A plants allocated to Huntley/Dunkirk proxies,medium
S5_2025_HIGH_TOTAL_EAST_PUBLIC,PERFORM_CAP_GSK__perform_rxb,I,78,CE UG,0,1,0,0,0,0,565.099092,PERFORM Zone-I residual at CE UG interface proxy,low
S5_2025_HIGH_TOTAL_EAST_PUBLIC,PERFORM_CAP_GSK__perform_rxb,J,79,RAV A-3,2716.24719703063,0.706420369463462,1918.81234848047,1918.81234848047,0,0,2964.90100995997,PERFORM Ravenswood/Astoria generation cluster,high
S5_2025_HIGH_TOTAL_EAST_PUBLIC,PERFORM_CAP_GSK__perform_rxb,J,81,GOETHALS,2716.24719703063,0.165299657210587,448.994730568381,448.994730568381,0,0,693.775465424283,Residual Zone-J generation at Goethals/Gowanus proxy,medium
S5_2025_HIGH_TOTAL_EAST_PUBLIC,PERFORM_CAP_GSK__perform_rxb,J,82,AK-3,2716.24719703063,0.128279973325951,348.440117981778,348.440117981778,0,0,538.40098461575,PERFORM Arthur-Kill/Narrows generation cluster,high
S5_2025_HIGH_TOTAL_EAST_PUBLIC,PERFORM_CAP_GSK__perform_rxb,K,80,NORTHPORT,1629.90673646747,0.284679453396702,464.000958825162,464.000958825162,0,0,678.940381470316,PERFORM Northport plant,high
S5_2025_HIGH_TOTAL_EAST_PUBLIC,PERFORM_CAP_GSK__perform_rxb,K,9003,EAST GARDEN CITY,1629.90673646747,0.715320546603298,1165.90577764231,1165.90577764231,0,0,1705.98896052968,Residual Zone-K plants at East Garden City proxy,medium
S5_2025_HIGH_TOTAL_EAST_PUBLIC,PERFORM_CAP_GSK__perform_rxb,E,43,EDIC,0,0.666666666666667,0,0,0,0,400,PERFORM Zone-E total allocated to Edic/Porter equivalents,low
S5_2025_HIGH_TOTAL_EAST_PUBLIC,PERFORM_CAP_GSK__perform_rxb,E,44,PORTER,0,0.333333333333333,0,0,0,0,200,PERFORM Zone-E total allocated to Edic/Porter equivalents,low
S5_2025_HIGH_TOTAL_EAST_PUBLIC,PERFORM_CAP_GSK__perform_rxb,G,39,LEEDS,909.192922757371,0.408278691528877,371.204096850695,371.204096850695,0,0,898.21312136353,PERFORM Athens/South-Cairo/West-Coxsackie cluster,medium
S5_2025_HIGH_TOTAL_EAST_PUBLIC,PERFORM_CAP_GSK__perform_rxb,G,73,PLEASANT VLY,909.192922757371,0.358300196665811,325.764003031129,325.764003031129,0,0,788.260432664784,PERFORM Roseton/CPV-Valley cluster,medium
S5_2025_HIGH_TOTAL_EAST_PUBLIC,PERFORM_CAP_GSK__perform_rxb,G,76,RAMAPO,909.192922757371,0.233421111805312,212.224822875547,212.224822875547,0,0,513.526445971687,Residual Zone-G plants at Ramapo proxy,medium
S6_2025_LOW_TOTAL_EAST_PUBLIC,S4_GSK__current,F,42,ALBANY,1112.57401163943,NaN,654.102231868988,654.102231868988,0,0,1068.003995,S4 ACOPF bus dispatch,reference
S6_2025_LOW_TOTAL_EAST_PUBLIC,S4_GSK__current,D,47,MOSES W,984.9807077,NaN,944.920662,944.920662,0,0,944.920662,S4 ACOPF bus dispatch,reference
S6_2025_LOW_TOTAL_EAST_PUBLIC,S4_GSK__current,D,48,MOSES E,984.9807077,NaN,40.0600457,40.0600457,0,0,40.0600457,S4 ACOPF bus dispatch,reference
S6_2025_LOW_TOTAL_EAST_PUBLIC,S4_GSK__current,C,50,CLAY,2511.2,NaN,1105.24857748821,1105.24857748821,0,0,1105.24857748821,S4 ACOPF bus dispatch,reference
S6_2025_LOW_TOTAL_EAST_PUBLIC,S4_GSK__current,C,51,CLAY,2511.2,NaN,292.878562141814,292.878562141814,0,0,292.878562141814,S4 ACOPF bus dispatch,reference
S6_2025_LOW_TOTAL_EAST_PUBLIC,S4_GSK__current,B,53,ROCHESTER,288.8,NaN,288.8,288.8,0,0,288.8,S4 ACOPF bus dispatch,reference
S6_2025_LOW_TOTAL_EAST_PUBLIC,S4_GSK__current,A,54,NIAGARA W,1292.8,NaN,394.385301787287,394.385301787287,0,0,394.385301787287,S4 ACOPF bus dispatch,reference
S6_2025_LOW_TOTAL_EAST_PUBLIC,S4_GSK__current,A,55,NIAGARA E,1292.8,NaN,197.192650893643,197.192650893643,0,0,197.192650893643,S4 ACOPF bus dispatch,reference
S6_2025_LOW_TOTAL_EAST_PUBLIC,S4_GSK__current,A,56,HUNTLEY,1292.8,NaN,495.093851384339,495.093851384339,0,0,495.093851384339,S4 ACOPF bus dispatch,reference
S6_2025_LOW_TOTAL_EAST_PUBLIC,S4_GSK__current,A,57,HUNTLEY,1292.8,NaN,14.3166985641929,14.3166985641929,0,0,14.3166985641929,S4 ACOPF bus dispatch,reference
S6_2025_LOW_TOTAL_EAST_PUBLIC,S4_GSK__current,A,60,DUNKIRK,1292.8,NaN,59.5351288283759,59.5351288283759,0,0,59.5351288283759,S4 ACOPF bus dispatch,reference
S6_2025_LOW_TOTAL_EAST_PUBLIC,S4_GSK__current,A,61,DUNKIRK,1292.8,NaN,132.276368542162,132.276368542162,0,0,132.276368542162,S4 ACOPF bus dispatch,reference
S6_2025_LOW_TOTAL_EAST_PUBLIC,S4_GSK__current,C,65,GESONIDGE,2511.2,NaN,7.481832143219,7.481832143219,0,0,7.481832143219,S4 ACOPF bus dispatch,reference
S6_2025_LOW_TOTAL_EAST_PUBLIC,S4_GSK__current,C,68,HILLSIDE,2511.2,NaN,271.054008885173,271.054008885173,0,0,271.054008885173,S4 ACOPF bus dispatch,reference
S6_2025_LOW_TOTAL_EAST_PUBLIC,S4_GSK__current,C,71,BINGHAMTON,2511.2,NaN,643.677757785503,643.677757785503,0,0,643.677757785503,S4 ACOPF bus dispatch,reference
S6_2025_LOW_TOTAL_EAST_PUBLIC,S4_GSK__current,C,72,LAPEER,2511.2,NaN,190.859261556085,190.859261556085,0,0,190.859261556085,S4 ACOPF bus dispatch,reference
S6_2025_LOW_TOTAL_EAST_PUBLIC,S4_GSK__current,I,78,CE UG,0,NaN,0,0,0,0,565.099092,S4 ACOPF bus dispatch,reference
S6_2025_LOW_TOTAL_EAST_PUBLIC,S4_GSK__current,J,79,RAV A-3,2568.75974157382,NaN,1036.03686864891,1036.03686864891,0,0,1777.453484,S4 ACOPF bus dispatch,reference
S6_2025_LOW_TOTAL_EAST_PUBLIC,S4_GSK__current,K,80,NORTHPORT,1508.83380337138,NaN,1067.08489186982,1067.08489186982,0,0,1784.929342,S4 ACOPF bus dispatch,reference
S6_2025_LOW_TOTAL_EAST_PUBLIC,S4_GSK__current,J,82,AK-3,2568.75974157382,NaN,1082.07452926018,1082.07452926018,0,0,1519.623976,S4 ACOPF bus dispatch,reference
S6_2025_LOW_TOTAL_EAST_PUBLIC,S4_GSK__current,J,81,GOETHALS,2568.75974157382,NaN,450.648343664734,450.648343664734,0,0,900,S4 ACOPF bus dispatch,reference
S6_2025_LOW_TOTAL_EAST_PUBLIC,S4_GSK__current,E,43,EDIC,232.133566720582,NaN,112.996032393001,112.996032393001,0,0,400,S4 ACOPF bus dispatch,reference
S6_2025_LOW_TOTAL_EAST_PUBLIC,S4_GSK__current,E,44,PORTER,232.133566720582,NaN,119.137534327581,119.137534327581,0,0,200,S4 ACOPF bus dispatch,reference
S6_2025_LOW_TOTAL_EAST_PUBLIC,S4_GSK__current,F,38,GILBOA,1112.57401163943,NaN,147.985218706649,147.985218706649,0,0,500,S4 ACOPF bus dispatch,reference
S6_2025_LOW_TOTAL_EAST_PUBLIC,S4_GSK__current,F,41,ROTTERDAM,1112.57401163943,NaN,156.119619046455,156.119619046455,0,0,300,S4 ACOPF bus dispatch,reference
S6_2025_LOW_TOTAL_EAST_PUBLIC,S4_GSK__current,F,37,NEW SEATHED,1112.57401163943,NaN,154.366942017336,154.366942017336,0,0,300,S4 ACOPF bus dispatch,reference
S6_2025_LOW_TOTAL_EAST_PUBLIC,S4_GSK__current,G,73,PLEASANT VLY,908.652169468885,NaN,308.311512034545,308.311512034545,0,0,900,S4 ACOPF bus dispatch,reference
S6_2025_LOW_TOTAL_EAST_PUBLIC,S4_GSK__current,G,76,RAMAPO,908.652169468885,NaN,387.17752101856,387.17752101856,0,0,700,S4 ACOPF bus dispatch,reference
S6_2025_LOW_TOTAL_EAST_PUBLIC,S4_GSK__current,G,39,LEEDS,908.652169468885,NaN,213.16313641578,213.16313641578,0,0,600,S4 ACOPF bus dispatch,reference
S6_2025_LOW_TOTAL_EAST_PUBLIC,S4_GSK__current,K,9003,EAST GARDEN CITY,1508.83380337138,NaN,441.748911501559,441.748911501559,0,0,600,S4 ACOPF bus dispatch,reference
S6_2025_LOW_TOTAL_EAST_PUBLIC,S4_GSK__perform_rx,F,42,ALBANY,1112.57401163943,NaN,654.102231868988,654.102231868988,0,0,1068.003995,S4 ACOPF bus dispatch,reference
S6_2025_LOW_TOTAL_EAST_PUBLIC,S4_GSK__perform_rx,D,47,MOSES W,984.9807077,NaN,944.920662,944.920662,0,0,944.920662,S4 ACOPF bus dispatch,reference
S6_2025_LOW_TOTAL_EAST_PUBLIC,S4_GSK__perform_rx,D,48,MOSES E,984.9807077,NaN,40.0600457,40.0600457,0,0,40.0600457,S4 ACOPF bus dispatch,reference
S6_2025_LOW_TOTAL_EAST_PUBLIC,S4_GSK__perform_rx,C,50,CLAY,2511.2,NaN,1105.24857748821,1105.24857748821,0,0,1105.24857748821,S4 ACOPF bus dispatch,reference
S6_2025_LOW_TOTAL_EAST_PUBLIC,S4_GSK__perform_rx,C,51,CLAY,2511.2,NaN,292.878562141814,292.878562141814,0,0,292.878562141814,S4 ACOPF bus dispatch,reference
S6_2025_LOW_TOTAL_EAST_PUBLIC,S4_GSK__perform_rx,B,53,ROCHESTER,288.8,NaN,288.8,288.8,0,0,288.8,S4 ACOPF bus dispatch,reference
S6_2025_LOW_TOTAL_EAST_PUBLIC,S4_GSK__perform_rx,A,54,NIAGARA W,1292.8,NaN,394.385301787287,394.385301787287,0,0,394.385301787287,S4 ACOPF bus dispatch,reference
S6_2025_LOW_TOTAL_EAST_PUBLIC,S4_GSK__perform_rx,A,55,NIAGARA E,1292.8,NaN,197.192650893643,197.192650893643,0,0,197.192650893643,S4 ACOPF bus dispatch,reference
S6_2025_LOW_TOTAL_EAST_PUBLIC,S4_GSK__perform_rx,A,56,HUNTLEY,1292.8,NaN,495.093851384339,495.093851384339,0,0,495.093851384339,S4 ACOPF bus dispatch,reference
S6_2025_LOW_TOTAL_EAST_PUBLIC,S4_GSK__perform_rx,A,57,HUNTLEY,1292.8,NaN,14.3166985641929,14.3166985641929,0,0,14.3166985641929,S4 ACOPF bus dispatch,reference
S6_2025_LOW_TOTAL_EAST_PUBLIC,S4_GSK__perform_rx,A,60,DUNKIRK,1292.8,NaN,59.5351288283759,59.5351288283759,0,0,59.5351288283759,S4 ACOPF bus dispatch,reference
S6_2025_LOW_TOTAL_EAST_PUBLIC,S4_GSK__perform_rx,A,61,DUNKIRK,1292.8,NaN,132.276368542162,132.276368542162,0,0,132.276368542162,S4 ACOPF bus dispatch,reference
S6_2025_LOW_TOTAL_EAST_PUBLIC,S4_GSK__perform_rx,C,65,GESONIDGE,2511.2,NaN,7.481832143219,7.481832143219,0,0,7.481832143219,S4 ACOPF bus dispatch,reference
S6_2025_LOW_TOTAL_EAST_PUBLIC,S4_GSK__perform_rx,C,68,HILLSIDE,2511.2,NaN,271.054008885173,271.054008885173,0,0,271.054008885173,S4 ACOPF bus dispatch,reference
S6_2025_LOW_TOTAL_EAST_PUBLIC,S4_GSK__perform_rx,C,71,BINGHAMTON,2511.2,NaN,643.677757785503,643.677757785503,0,0,643.677757785503,S4 ACOPF bus dispatch,reference
S6_2025_LOW_TOTAL_EAST_PUBLIC,S4_GSK__perform_rx,C,72,LAPEER,2511.2,NaN,190.859261556085,190.859261556085,0,0,190.859261556085,S4 ACOPF bus dispatch,reference
S6_2025_LOW_TOTAL_EAST_PUBLIC,S4_GSK__perform_rx,I,78,CE UG,0,NaN,0,0,0,0,565.099092,S4 ACOPF bus dispatch,reference
S6_2025_LOW_TOTAL_EAST_PUBLIC,S4_GSK__perform_rx,J,79,RAV A-3,2568.75974157382,NaN,1036.03686864891,1036.03686864891,0,0,1777.453484,S4 ACOPF bus dispatch,reference
S6_2025_LOW_TOTAL_EAST_PUBLIC,S4_GSK__perform_rx,K,80,NORTHPORT,1508.83380337138,NaN,1067.08489186982,1067.08489186982,0,0,1784.929342,S4 ACOPF bus dispatch,reference
S6_2025_LOW_TOTAL_EAST_PUBLIC,S4_GSK__perform_rx,J,82,AK-3,2568.75974157382,NaN,1082.07452926018,1082.07452926018,0,0,1519.623976,S4 ACOPF bus dispatch,reference
S6_2025_LOW_TOTAL_EAST_PUBLIC,S4_GSK__perform_rx,J,81,GOETHALS,2568.75974157382,NaN,450.648343664734,450.648343664734,0,0,900,S4 ACOPF bus dispatch,reference
S6_2025_LOW_TOTAL_EAST_PUBLIC,S4_GSK__perform_rx,E,43,EDIC,232.133566720582,NaN,112.996032393001,112.996032393001,0,0,400,S4 ACOPF bus dispatch,reference
S6_2025_LOW_TOTAL_EAST_PUBLIC,S4_GSK__perform_rx,E,44,PORTER,232.133566720582,NaN,119.137534327581,119.137534327581,0,0,200,S4 ACOPF bus dispatch,reference
S6_2025_LOW_TOTAL_EAST_PUBLIC,S4_GSK__perform_rx,F,38,GILBOA,1112.57401163943,NaN,147.985218706649,147.985218706649,0,0,500,S4 ACOPF bus dispatch,reference
S6_2025_LOW_TOTAL_EAST_PUBLIC,S4_GSK__perform_rx,F,41,ROTTERDAM,1112.57401163943,NaN,156.119619046455,156.119619046455,0,0,300,S4 ACOPF bus dispatch,reference
S6_2025_LOW_TOTAL_EAST_PUBLIC,S4_GSK__perform_rx,F,37,NEW SEATHED,1112.57401163943,NaN,154.366942017336,154.366942017336,0,0,300,S4 ACOPF bus dispatch,reference
S6_2025_LOW_TOTAL_EAST_PUBLIC,S4_GSK__perform_rx,G,73,PLEASANT VLY,908.652169468885,NaN,308.311512034545,308.311512034545,0,0,900,S4 ACOPF bus dispatch,reference
S6_2025_LOW_TOTAL_EAST_PUBLIC,S4_GSK__perform_rx,G,76,RAMAPO,908.652169468885,NaN,387.17752101856,387.17752101856,0,0,700,S4 ACOPF bus dispatch,reference
S6_2025_LOW_TOTAL_EAST_PUBLIC,S4_GSK__perform_rx,G,39,LEEDS,908.652169468885,NaN,213.16313641578,213.16313641578,0,0,600,S4 ACOPF bus dispatch,reference
S6_2025_LOW_TOTAL_EAST_PUBLIC,S4_GSK__perform_rx,K,9003,EAST GARDEN CITY,1508.83380337138,NaN,441.748911501559,441.748911501559,0,0,600,S4 ACOPF bus dispatch,reference
S6_2025_LOW_TOTAL_EAST_PUBLIC,S4_GSK__perform_rxb,F,42,ALBANY,1112.57401163943,NaN,654.102231868988,654.102231868988,0,0,1068.003995,S4 ACOPF bus dispatch,reference
S6_2025_LOW_TOTAL_EAST_PUBLIC,S4_GSK__perform_rxb,D,47,MOSES W,984.9807077,NaN,944.920662,944.920662,0,0,944.920662,S4 ACOPF bus dispatch,reference
S6_2025_LOW_TOTAL_EAST_PUBLIC,S4_GSK__perform_rxb,D,48,MOSES E,984.9807077,NaN,40.0600457,40.0600457,0,0,40.0600457,S4 ACOPF bus dispatch,reference
S6_2025_LOW_TOTAL_EAST_PUBLIC,S4_GSK__perform_rxb,C,50,CLAY,2511.2,NaN,1105.24857748821,1105.24857748821,0,0,1105.24857748821,S4 ACOPF bus dispatch,reference
S6_2025_LOW_TOTAL_EAST_PUBLIC,S4_GSK__perform_rxb,C,51,CLAY,2511.2,NaN,292.878562141814,292.878562141814,0,0,292.878562141814,S4 ACOPF bus dispatch,reference
S6_2025_LOW_TOTAL_EAST_PUBLIC,S4_GSK__perform_rxb,B,53,ROCHESTER,288.8,NaN,288.8,288.8,0,0,288.8,S4 ACOPF bus dispatch,reference
S6_2025_LOW_TOTAL_EAST_PUBLIC,S4_GSK__perform_rxb,A,54,NIAGARA W,1292.8,NaN,394.385301787287,394.385301787287,0,0,394.385301787287,S4 ACOPF bus dispatch,reference
S6_2025_LOW_TOTAL_EAST_PUBLIC,S4_GSK__perform_rxb,A,55,NIAGARA E,1292.8,NaN,197.192650893643,197.192650893643,0,0,197.192650893643,S4 ACOPF bus dispatch,reference
S6_2025_LOW_TOTAL_EAST_PUBLIC,S4_GSK__perform_rxb,A,56,HUNTLEY,1292.8,NaN,495.093851384339,495.093851384339,0,0,495.093851384339,S4 ACOPF bus dispatch,reference
S6_2025_LOW_TOTAL_EAST_PUBLIC,S4_GSK__perform_rxb,A,57,HUNTLEY,1292.8,NaN,14.3166985641929,14.3166985641929,0,0,14.3166985641929,S4 ACOPF bus dispatch,reference
S6_2025_LOW_TOTAL_EAST_PUBLIC,S4_GSK__perform_rxb,A,60,DUNKIRK,1292.8,NaN,59.5351288283759,59.5351288283759,0,0,59.5351288283759,S4 ACOPF bus dispatch,reference
S6_2025_LOW_TOTAL_EAST_PUBLIC,S4_GSK__perform_rxb,A,61,DUNKIRK,1292.8,NaN,132.276368542162,132.276368542162,0,0,132.276368542162,S4 ACOPF bus dispatch,reference
S6_2025_LOW_TOTAL_EAST_PUBLIC,S4_GSK__perform_rxb,C,65,GESONIDGE,2511.2,NaN,7.481832143219,7.481832143219,0,0,7.481832143219,S4 ACOPF bus dispatch,reference
S6_2025_LOW_TOTAL_EAST_PUBLIC,S4_GSK__perform_rxb,C,68,HILLSIDE,2511.2,NaN,271.054008885173,271.054008885173,0,0,271.054008885173,S4 ACOPF bus dispatch,reference
S6_2025_LOW_TOTAL_EAST_PUBLIC,S4_GSK__perform_rxb,C,71,BINGHAMTON,2511.2,NaN,643.677757785503,643.677757785503,0,0,643.677757785503,S4 ACOPF bus dispatch,reference
S6_2025_LOW_TOTAL_EAST_PUBLIC,S4_GSK__perform_rxb,C,72,LAPEER,2511.2,NaN,190.859261556085,190.859261556085,0,0,190.859261556085,S4 ACOPF bus dispatch,reference
S6_2025_LOW_TOTAL_EAST_PUBLIC,S4_GSK__perform_rxb,I,78,CE UG,0,NaN,0,0,0,0,565.099092,S4 ACOPF bus dispatch,reference
S6_2025_LOW_TOTAL_EAST_PUBLIC,S4_GSK__perform_rxb,J,79,RAV A-3,2568.75974157382,NaN,1036.03686864891,1036.03686864891,0,0,1777.453484,S4 ACOPF bus dispatch,reference
S6_2025_LOW_TOTAL_EAST_PUBLIC,S4_GSK__perform_rxb,K,80,NORTHPORT,1508.83380337138,NaN,1067.08489186982,1067.08489186982,0,0,1784.929342,S4 ACOPF bus dispatch,reference
S6_2025_LOW_TOTAL_EAST_PUBLIC,S4_GSK__perform_rxb,J,82,AK-3,2568.75974157382,NaN,1082.07452926018,1082.07452926018,0,0,1519.623976,S4 ACOPF bus dispatch,reference
S6_2025_LOW_TOTAL_EAST_PUBLIC,S4_GSK__perform_rxb,J,81,GOETHALS,2568.75974157382,NaN,450.648343664734,450.648343664734,0,0,900,S4 ACOPF bus dispatch,reference
S6_2025_LOW_TOTAL_EAST_PUBLIC,S4_GSK__perform_rxb,E,43,EDIC,232.133566720582,NaN,112.996032393001,112.996032393001,0,0,400,S4 ACOPF bus dispatch,reference
S6_2025_LOW_TOTAL_EAST_PUBLIC,S4_GSK__perform_rxb,E,44,PORTER,232.133566720582,NaN,119.137534327581,119.137534327581,0,0,200,S4 ACOPF bus dispatch,reference
S6_2025_LOW_TOTAL_EAST_PUBLIC,S4_GSK__perform_rxb,F,38,GILBOA,1112.57401163943,NaN,147.985218706649,147.985218706649,0,0,500,S4 ACOPF bus dispatch,reference
S6_2025_LOW_TOTAL_EAST_PUBLIC,S4_GSK__perform_rxb,F,41,ROTTERDAM,1112.57401163943,NaN,156.119619046455,156.119619046455,0,0,300,S4 ACOPF bus dispatch,reference
S6_2025_LOW_TOTAL_EAST_PUBLIC,S4_GSK__perform_rxb,F,37,NEW SEATHED,1112.57401163943,NaN,154.366942017336,154.366942017336,0,0,300,S4 ACOPF bus dispatch,reference
S6_2025_LOW_TOTAL_EAST_PUBLIC,S4_GSK__perform_rxb,G,73,PLEASANT VLY,908.652169468885,NaN,308.311512034545,308.311512034545,0,0,900,S4 ACOPF bus dispatch,reference
S6_2025_LOW_TOTAL_EAST_PUBLIC,S4_GSK__perform_rxb,G,76,RAMAPO,908.652169468885,NaN,387.17752101856,387.17752101856,0,0,700,S4 ACOPF bus dispatch,reference
S6_2025_LOW_TOTAL_EAST_PUBLIC,S4_GSK__perform_rxb,G,39,LEEDS,908.652169468885,NaN,213.16313641578,213.16313641578,0,0,600,S4 ACOPF bus dispatch,reference
S6_2025_LOW_TOTAL_EAST_PUBLIC,S4_GSK__perform_rxb,K,9003,EAST GARDEN CITY,1508.83380337138,NaN,441.748911501559,441.748911501559,0,0,600,S4 ACOPF bus dispatch,reference
S6_2025_LOW_TOTAL_EAST_PUBLIC,PERFORM_GSK__current,F,37,NEW SEATHED,1112.57401163943,0.210302229460617,233.976795087714,233.976795087714,0,0,300,Residual Zone-F plants at New Scotland proxy,medium
S6_2025_LOW_TOTAL_EAST_PUBLIC,PERFORM_GSK__current,F,38,GILBOA,1112.57401163943,0.28871900454521,321.221261123407,321.221261123407,0,0,500,PERFORM Blenheim-Gilboa plant,high
S6_2025_LOW_TOTAL_EAST_PUBLIC,PERFORM_GSK__current,F,41,ROTTERDAM,1112.57401163943,0.099654470089088,110.872973564818,110.872973564818,0,0,300,PERFORM Selkirk cluster at Rotterdam proxy,medium
S6_2025_LOW_TOTAL_EAST_PUBLIC,PERFORM_GSK__current,F,42,ALBANY,1112.57401163943,0.401324295905085,446.502981863489,446.502981863489,0,0,1068.003995,PERFORM Bethlehem/Empire Capital-region cluster,medium
S6_2025_LOW_TOTAL_EAST_PUBLIC,PERFORM_GSK__current,D,47,MOSES W,984.9807077,0.959329106258799,944.920662,944.920662,0,0,944.920662,PERFORM Zone-D total allocated to Moses W/E proxies,low
S6_2025_LOW_TOTAL_EAST_PUBLIC,PERFORM_GSK__current,D,48,MOSES E,984.9807077,0.0406708937412013,40.0600457,40.0600457,0,0,40.0600457,PERFORM Zone-D total allocated to Moses W/E proxies,low
S6_2025_LOW_TOTAL_EAST_PUBLIC,PERFORM_GSK__current,C,50,CLAY,2511.2,0.682385315127198,1713.60600334742,1105.24857748821,-608.357425859215,0,1105.24857748821,PERFORM Nine Mile/Fitzpatrick/Independence/Oswego cluster,high
S6_2025_LOW_TOTAL_EAST_PUBLIC,PERFORM_GSK__current,C,51,CLAY,2511.2,0.180824507709693,454.08650376058,292.878562141814,-161.207941618766,0,292.878562141814,PERFORM Nine Mile/Fitzpatrick/Independence/Oswego cluster,high
S6_2025_LOW_TOTAL_EAST_PUBLIC,PERFORM_GSK__current,C,65,GESONIDGE,2511.2,0.024572506913824,61.7064793619949,7.481832143219,-54.2246472187759,0,7.481832143219,PERFORM Greenidge plant,high
S6_2025_LOW_TOTAL_EAST_PUBLIC,PERFORM_GSK__current,C,68,HILLSIDE,2511.2,0.0597090451253934,149.941354118888,271.054008885173,121.112654766285,0,271.054008885173,Residual Zone-C plants allocated to Hillside/Lapeer proxies,medium
S6_2025_LOW_TOTAL_EAST_PUBLIC,PERFORM_GSK__current,C,71,BINGHAMTON,2511.2,0.0104652541081939,26.2803461164964,643.677757785502,617.397411669006,0,643.677757785503,PERFORM Binghamton plant,high
S6_2025_LOW_TOTAL_EAST_PUBLIC,PERFORM_GSK__current,C,72,LAPEER,2511.2,0.0420433710156976,105.57931329462,190.859261556085,85.2799482614649,0,190.859261556085,Residual Zone-C plants allocated to Hillside/Lapeer proxies,medium
S6_2025_LOW_TOTAL_EAST_PUBLIC,PERFORM_GSK__current,B,53,ROCHESTER,288.8,1,288.8,288.8,0,0,288.8,All PERFORM Zone-B generation at retained Rochester proxy,medium
S6_2025_LOW_TOTAL_EAST_PUBLIC,PERFORM_GSK__current,A,54,NIAGARA W,1292.8,0.382185175153705,494.08899443871,394.385301787287,-99.7036926514231,0,394.385301787287,PERFORM Niagara hydro plants,high
S6_2025_LOW_TOTAL_EAST_PUBLIC,PERFORM_GSK__current,A,55,NIAGARA E,1292.8,0.191092587576852,247.044497219355,197.192650893643,-49.8518463257115,0,197.192650893643,PERFORM Niagara hydro plants,high
S6_2025_LOW_TOTAL_EAST_PUBLIC,PERFORM_GSK__current,A,56,HUNTLEY,1292.8,0.3012848165981,389.501010898024,495.093851384339,105.592840486315,0,495.093851384339,Residual Zone-A plants allocated to Huntley/Dunkirk proxies,medium
S6_2025_LOW_TOTAL_EAST_PUBLIC,PERFORM_GSK__current,A,57,HUNTLEY,1292.8,0.00871229543477941,11.2632555380828,14.3166985641929,3.05344302611005,0,14.3166985641929,Residual Zone-A plants allocated to Huntley/Dunkirk proxies,medium
S6_2025_LOW_TOTAL_EAST_PUBLIC,PERFORM_GSK__current,A,60,DUNKIRK,1292.8,0.036229555911566,46.8375698824726,59.5351288283759,12.6975589459033,0,59.5351288283759,Residual Zone-A plants allocated to Huntley/Dunkirk proxies,medium
S6_2025_LOW_TOTAL_EAST_PUBLIC,PERFORM_GSK__current,A,61,DUNKIRK,1292.8,0.0804955693249973,104.064672023357,132.276368542162,28.2116965188055,0,132.276368542162,Residual Zone-A plants allocated to Huntley/Dunkirk proxies,medium
S6_2025_LOW_TOTAL_EAST_PUBLIC,PERFORM_GSK__current,I,78,CE UG,0,1,0,0,0,0,565.099092,PERFORM Zone-I residual at CE UG interface proxy,low
S6_2025_LOW_TOTAL_EAST_PUBLIC,PERFORM_GSK__current,J,79,RAV A-3,2568.75974157382,0.706420369463462,1814.62420570545,1777.453484,-37.1707217054463,0,1777.453484,PERFORM Ravenswood/Astoria generation cluster,high
S6_2025_LOW_TOTAL_EAST_PUBLIC,PERFORM_GSK__current,J,81,GOETHALS,2568.75974157382,0.165299657210587,424.61510473851,435.224844931808,10.6097401932981,0,900,Residual Zone-J generation at Goethals/Gowanus proxy,medium
S6_2025_LOW_TOTAL_EAST_PUBLIC,PERFORM_GSK__current,J,82,AK-3,2568.75974157382,0.128279973325951,329.520431129867,356.081412642016,26.5609815121487,0,1519.623976,PERFORM Arthur-Kill/Narrows generation cluster,high
S6_2025_LOW_TOTAL_EAST_PUBLIC,PERFORM_GSK__current,K,80,NORTHPORT,1508.83380337138,0.284679453396702,429.533982410232,908.833803371384,479.299820961151,0,1784.929342,PERFORM Northport plant,high
S6_2025_LOW_TOTAL_EAST_PUBLIC,PERFORM_GSK__current,K,9003,EAST GARDEN CITY,1508.83380337138,0.715320546603298,1079.29982096115,600,-479.299820961151,0,600,Residual Zone-K plants at East Garden City proxy,medium
S6_2025_LOW_TOTAL_EAST_PUBLIC,PERFORM_GSK__current,E,43,EDIC,232.133566720582,0.666666666666667,154.755711147055,154.755711147055,0,0,400,PERFORM Zone-E total allocated to Edic/Porter equivalents,low
S6_2025_LOW_TOTAL_EAST_PUBLIC,PERFORM_GSK__current,E,44,PORTER,232.133566720582,0.333333333333333,77.3778555735274,77.3778555735274,0,0,200,PERFORM Zone-E total allocated to Edic/Porter equivalents,low
S6_2025_LOW_TOTAL_EAST_PUBLIC,PERFORM_GSK__current,G,39,LEEDS,908.652169468885,0.408278691528877,370.983318805632,370.983318805632,0,0,600,PERFORM Athens/South-Cairo/West-Coxsackie cluster,medium
S6_2025_LOW_TOTAL_EAST_PUBLIC,PERFORM_GSK__current,G,73,PLEASANT VLY,908.652169468885,0.358300196665811,325.570251021517,325.570251021517,0,0,900,PERFORM Roseton/CPV-Valley cluster,medium
S6_2025_LOW_TOTAL_EAST_PUBLIC,PERFORM_GSK__current,G,76,RAMAPO,908.652169468885,0.233421111805312,212.098599641736,212.098599641736,0,0,700,Residual Zone-G plants at Ramapo proxy,medium
S6_2025_LOW_TOTAL_EAST_PUBLIC,PERFORM_GSK__perform_rx,F,37,NEW SEATHED,1112.57401163943,0.210302229460617,233.976795087714,233.976795087714,0,0,300,Residual Zone-F plants at New Scotland proxy,medium
S6_2025_LOW_TOTAL_EAST_PUBLIC,PERFORM_GSK__perform_rx,F,38,GILBOA,1112.57401163943,0.28871900454521,321.221261123407,321.221261123407,0,0,500,PERFORM Blenheim-Gilboa plant,high
S6_2025_LOW_TOTAL_EAST_PUBLIC,PERFORM_GSK__perform_rx,F,41,ROTTERDAM,1112.57401163943,0.099654470089088,110.872973564818,110.872973564818,0,0,300,PERFORM Selkirk cluster at Rotterdam proxy,medium
S6_2025_LOW_TOTAL_EAST_PUBLIC,PERFORM_GSK__perform_rx,F,42,ALBANY,1112.57401163943,0.401324295905085,446.502981863489,446.502981863489,0,0,1068.003995,PERFORM Bethlehem/Empire Capital-region cluster,medium
S6_2025_LOW_TOTAL_EAST_PUBLIC,PERFORM_GSK__perform_rx,D,47,MOSES W,984.9807077,0.959329106258799,944.920662,944.920662,0,0,944.920662,PERFORM Zone-D total allocated to Moses W/E proxies,low
S6_2025_LOW_TOTAL_EAST_PUBLIC,PERFORM_GSK__perform_rx,D,48,MOSES E,984.9807077,0.0406708937412013,40.0600457,40.0600457,0,0,40.0600457,PERFORM Zone-D total allocated to Moses W/E proxies,low
S6_2025_LOW_TOTAL_EAST_PUBLIC,PERFORM_GSK__perform_rx,C,50,CLAY,2511.2,0.682385315127198,1713.60600334742,1105.24857748821,-608.357425859215,0,1105.24857748821,PERFORM Nine Mile/Fitzpatrick/Independence/Oswego cluster,high
S6_2025_LOW_TOTAL_EAST_PUBLIC,PERFORM_GSK__perform_rx,C,51,CLAY,2511.2,0.180824507709693,454.08650376058,292.878562141814,-161.207941618766,0,292.878562141814,PERFORM Nine Mile/Fitzpatrick/Independence/Oswego cluster,high
S6_2025_LOW_TOTAL_EAST_PUBLIC,PERFORM_GSK__perform_rx,C,65,GESONIDGE,2511.2,0.024572506913824,61.7064793619949,7.481832143219,-54.2246472187759,0,7.481832143219,PERFORM Greenidge plant,high
S6_2025_LOW_TOTAL_EAST_PUBLIC,PERFORM_GSK__perform_rx,C,68,HILLSIDE,2511.2,0.0597090451253934,149.941354118888,271.054008885173,121.112654766285,0,271.054008885173,Residual Zone-C plants allocated to Hillside/Lapeer proxies,medium
S6_2025_LOW_TOTAL_EAST_PUBLIC,PERFORM_GSK__perform_rx,C,71,BINGHAMTON,2511.2,0.0104652541081939,26.2803461164964,643.677757785502,617.397411669006,0,643.677757785503,PERFORM Binghamton plant,high
S6_2025_LOW_TOTAL_EAST_PUBLIC,PERFORM_GSK__perform_rx,C,72,LAPEER,2511.2,0.0420433710156976,105.57931329462,190.859261556085,85.2799482614649,0,190.859261556085,Residual Zone-C plants allocated to Hillside/Lapeer proxies,medium
S6_2025_LOW_TOTAL_EAST_PUBLIC,PERFORM_GSK__perform_rx,B,53,ROCHESTER,288.8,1,288.8,288.8,0,0,288.8,All PERFORM Zone-B generation at retained Rochester proxy,medium
S6_2025_LOW_TOTAL_EAST_PUBLIC,PERFORM_GSK__perform_rx,A,54,NIAGARA W,1292.8,0.382185175153705,494.08899443871,394.385301787287,-99.7036926514231,0,394.385301787287,PERFORM Niagara hydro plants,high
S6_2025_LOW_TOTAL_EAST_PUBLIC,PERFORM_GSK__perform_rx,A,55,NIAGARA E,1292.8,0.191092587576852,247.044497219355,197.192650893643,-49.8518463257115,0,197.192650893643,PERFORM Niagara hydro plants,high
S6_2025_LOW_TOTAL_EAST_PUBLIC,PERFORM_GSK__perform_rx,A,56,HUNTLEY,1292.8,0.3012848165981,389.501010898024,495.093851384339,105.592840486315,0,495.093851384339,Residual Zone-A plants allocated to Huntley/Dunkirk proxies,medium
S6_2025_LOW_TOTAL_EAST_PUBLIC,PERFORM_GSK__perform_rx,A,57,HUNTLEY,1292.8,0.00871229543477941,11.2632555380828,14.3166985641929,3.05344302611005,0,14.3166985641929,Residual Zone-A plants allocated to Huntley/Dunkirk proxies,medium
S6_2025_LOW_TOTAL_EAST_PUBLIC,PERFORM_GSK__perform_rx,A,60,DUNKIRK,1292.8,0.036229555911566,46.8375698824726,59.5351288283759,12.6975589459033,0,59.5351288283759,Residual Zone-A plants allocated to Huntley/Dunkirk proxies,medium
S6_2025_LOW_TOTAL_EAST_PUBLIC,PERFORM_GSK__perform_rx,A,61,DUNKIRK,1292.8,0.0804955693249973,104.064672023357,132.276368542162,28.2116965188055,0,132.276368542162,Residual Zone-A plants allocated to Huntley/Dunkirk proxies,medium
S6_2025_LOW_TOTAL_EAST_PUBLIC,PERFORM_GSK__perform_rx,I,78,CE UG,0,1,0,0,0,0,565.099092,PERFORM Zone-I residual at CE UG interface proxy,low
S6_2025_LOW_TOTAL_EAST_PUBLIC,PERFORM_GSK__perform_rx,J,79,RAV A-3,2568.75974157382,0.706420369463462,1814.62420570545,1777.453484,-37.1707217054463,0,1777.453484,PERFORM Ravenswood/Astoria generation cluster,high
S6_2025_LOW_TOTAL_EAST_PUBLIC,PERFORM_GSK__perform_rx,J,81,GOETHALS,2568.75974157382,0.165299657210587,424.61510473851,435.224844931808,10.6097401932981,0,900,Residual Zone-J generation at Goethals/Gowanus proxy,medium
S6_2025_LOW_TOTAL_EAST_PUBLIC,PERFORM_GSK__perform_rx,J,82,AK-3,2568.75974157382,0.128279973325951,329.520431129867,356.081412642016,26.5609815121487,0,1519.623976,PERFORM Arthur-Kill/Narrows generation cluster,high
S6_2025_LOW_TOTAL_EAST_PUBLIC,PERFORM_GSK__perform_rx,K,80,NORTHPORT,1508.83380337138,0.284679453396702,429.533982410232,908.833803371384,479.299820961151,0,1784.929342,PERFORM Northport plant,high
S6_2025_LOW_TOTAL_EAST_PUBLIC,PERFORM_GSK__perform_rx,K,9003,EAST GARDEN CITY,1508.83380337138,0.715320546603298,1079.29982096115,600,-479.299820961151,0,600,Residual Zone-K plants at East Garden City proxy,medium
S6_2025_LOW_TOTAL_EAST_PUBLIC,PERFORM_GSK__perform_rx,E,43,EDIC,232.133566720582,0.666666666666667,154.755711147055,154.755711147055,0,0,400,PERFORM Zone-E total allocated to Edic/Porter equivalents,low
S6_2025_LOW_TOTAL_EAST_PUBLIC,PERFORM_GSK__perform_rx,E,44,PORTER,232.133566720582,0.333333333333333,77.3778555735274,77.3778555735274,0,0,200,PERFORM Zone-E total allocated to Edic/Porter equivalents,low
S6_2025_LOW_TOTAL_EAST_PUBLIC,PERFORM_GSK__perform_rx,G,39,LEEDS,908.652169468885,0.408278691528877,370.983318805632,370.983318805632,0,0,600,PERFORM Athens/South-Cairo/West-Coxsackie cluster,medium
S6_2025_LOW_TOTAL_EAST_PUBLIC,PERFORM_GSK__perform_rx,G,73,PLEASANT VLY,908.652169468885,0.358300196665811,325.570251021517,325.570251021517,0,0,900,PERFORM Roseton/CPV-Valley cluster,medium
S6_2025_LOW_TOTAL_EAST_PUBLIC,PERFORM_GSK__perform_rx,G,76,RAMAPO,908.652169468885,0.233421111805312,212.098599641736,212.098599641736,0,0,700,Residual Zone-G plants at Ramapo proxy,medium
S6_2025_LOW_TOTAL_EAST_PUBLIC,PERFORM_GSK__perform_rxb,F,37,NEW SEATHED,1112.57401163943,0.210302229460617,233.976795087714,233.976795087714,0,0,300,Residual Zone-F plants at New Scotland proxy,medium
S6_2025_LOW_TOTAL_EAST_PUBLIC,PERFORM_GSK__perform_rxb,F,38,GILBOA,1112.57401163943,0.28871900454521,321.221261123407,321.221261123407,0,0,500,PERFORM Blenheim-Gilboa plant,high
S6_2025_LOW_TOTAL_EAST_PUBLIC,PERFORM_GSK__perform_rxb,F,41,ROTTERDAM,1112.57401163943,0.099654470089088,110.872973564818,110.872973564818,0,0,300,PERFORM Selkirk cluster at Rotterdam proxy,medium
S6_2025_LOW_TOTAL_EAST_PUBLIC,PERFORM_GSK__perform_rxb,F,42,ALBANY,1112.57401163943,0.401324295905085,446.502981863489,446.502981863489,0,0,1068.003995,PERFORM Bethlehem/Empire Capital-region cluster,medium
S6_2025_LOW_TOTAL_EAST_PUBLIC,PERFORM_GSK__perform_rxb,D,47,MOSES W,984.9807077,0.959329106258799,944.920662,944.920662,0,0,944.920662,PERFORM Zone-D total allocated to Moses W/E proxies,low
S6_2025_LOW_TOTAL_EAST_PUBLIC,PERFORM_GSK__perform_rxb,D,48,MOSES E,984.9807077,0.0406708937412013,40.0600457,40.0600457,0,0,40.0600457,PERFORM Zone-D total allocated to Moses W/E proxies,low
S6_2025_LOW_TOTAL_EAST_PUBLIC,PERFORM_GSK__perform_rxb,C,50,CLAY,2511.2,0.682385315127198,1713.60600334742,1105.24857748821,-608.357425859215,0,1105.24857748821,PERFORM Nine Mile/Fitzpatrick/Independence/Oswego cluster,high
S6_2025_LOW_TOTAL_EAST_PUBLIC,PERFORM_GSK__perform_rxb,C,51,CLAY,2511.2,0.180824507709693,454.08650376058,292.878562141814,-161.207941618766,0,292.878562141814,PERFORM Nine Mile/Fitzpatrick/Independence/Oswego cluster,high
S6_2025_LOW_TOTAL_EAST_PUBLIC,PERFORM_GSK__perform_rxb,C,65,GESONIDGE,2511.2,0.024572506913824,61.7064793619949,7.481832143219,-54.2246472187759,0,7.481832143219,PERFORM Greenidge plant,high
S6_2025_LOW_TOTAL_EAST_PUBLIC,PERFORM_GSK__perform_rxb,C,68,HILLSIDE,2511.2,0.0597090451253934,149.941354118888,271.054008885173,121.112654766285,0,271.054008885173,Residual Zone-C plants allocated to Hillside/Lapeer proxies,medium
S6_2025_LOW_TOTAL_EAST_PUBLIC,PERFORM_GSK__perform_rxb,C,71,BINGHAMTON,2511.2,0.0104652541081939,26.2803461164964,643.677757785502,617.397411669006,0,643.677757785503,PERFORM Binghamton plant,high
S6_2025_LOW_TOTAL_EAST_PUBLIC,PERFORM_GSK__perform_rxb,C,72,LAPEER,2511.2,0.0420433710156976,105.57931329462,190.859261556085,85.2799482614649,0,190.859261556085,Residual Zone-C plants allocated to Hillside/Lapeer proxies,medium
S6_2025_LOW_TOTAL_EAST_PUBLIC,PERFORM_GSK__perform_rxb,B,53,ROCHESTER,288.8,1,288.8,288.8,0,0,288.8,All PERFORM Zone-B generation at retained Rochester proxy,medium
S6_2025_LOW_TOTAL_EAST_PUBLIC,PERFORM_GSK__perform_rxb,A,54,NIAGARA W,1292.8,0.382185175153705,494.08899443871,394.385301787287,-99.7036926514231,0,394.385301787287,PERFORM Niagara hydro plants,high
S6_2025_LOW_TOTAL_EAST_PUBLIC,PERFORM_GSK__perform_rxb,A,55,NIAGARA E,1292.8,0.191092587576852,247.044497219355,197.192650893643,-49.8518463257115,0,197.192650893643,PERFORM Niagara hydro plants,high
S6_2025_LOW_TOTAL_EAST_PUBLIC,PERFORM_GSK__perform_rxb,A,56,HUNTLEY,1292.8,0.3012848165981,389.501010898024,495.093851384339,105.592840486315,0,495.093851384339,Residual Zone-A plants allocated to Huntley/Dunkirk proxies,medium
S6_2025_LOW_TOTAL_EAST_PUBLIC,PERFORM_GSK__perform_rxb,A,57,HUNTLEY,1292.8,0.00871229543477941,11.2632555380828,14.3166985641929,3.05344302611005,0,14.3166985641929,Residual Zone-A plants allocated to Huntley/Dunkirk proxies,medium
S6_2025_LOW_TOTAL_EAST_PUBLIC,PERFORM_GSK__perform_rxb,A,60,DUNKIRK,1292.8,0.036229555911566,46.8375698824726,59.5351288283759,12.6975589459033,0,59.5351288283759,Residual Zone-A plants allocated to Huntley/Dunkirk proxies,medium
S6_2025_LOW_TOTAL_EAST_PUBLIC,PERFORM_GSK__perform_rxb,A,61,DUNKIRK,1292.8,0.0804955693249973,104.064672023357,132.276368542162,28.2116965188055,0,132.276368542162,Residual Zone-A plants allocated to Huntley/Dunkirk proxies,medium
S6_2025_LOW_TOTAL_EAST_PUBLIC,PERFORM_GSK__perform_rxb,I,78,CE UG,0,1,0,0,0,0,565.099092,PERFORM Zone-I residual at CE UG interface proxy,low
S6_2025_LOW_TOTAL_EAST_PUBLIC,PERFORM_GSK__perform_rxb,J,79,RAV A-3,2568.75974157382,0.706420369463462,1814.62420570545,1777.453484,-37.1707217054463,0,1777.453484,PERFORM Ravenswood/Astoria generation cluster,high
S6_2025_LOW_TOTAL_EAST_PUBLIC,PERFORM_GSK__perform_rxb,J,81,GOETHALS,2568.75974157382,0.165299657210587,424.61510473851,435.224844931808,10.6097401932981,0,900,Residual Zone-J generation at Goethals/Gowanus proxy,medium
S6_2025_LOW_TOTAL_EAST_PUBLIC,PERFORM_GSK__perform_rxb,J,82,AK-3,2568.75974157382,0.128279973325951,329.520431129867,356.081412642016,26.5609815121487,0,1519.623976,PERFORM Arthur-Kill/Narrows generation cluster,high
S6_2025_LOW_TOTAL_EAST_PUBLIC,PERFORM_GSK__perform_rxb,K,80,NORTHPORT,1508.83380337138,0.284679453396702,429.533982410232,908.833803371384,479.299820961151,0,1784.929342,PERFORM Northport plant,high
S6_2025_LOW_TOTAL_EAST_PUBLIC,PERFORM_GSK__perform_rxb,K,9003,EAST GARDEN CITY,1508.83380337138,0.715320546603298,1079.29982096115,600,-479.299820961151,0,600,Residual Zone-K plants at East Garden City proxy,medium
S6_2025_LOW_TOTAL_EAST_PUBLIC,PERFORM_GSK__perform_rxb,E,43,EDIC,232.133566720582,0.666666666666667,154.755711147055,154.755711147055,0,0,400,PERFORM Zone-E total allocated to Edic/Porter equivalents,low
S6_2025_LOW_TOTAL_EAST_PUBLIC,PERFORM_GSK__perform_rxb,E,44,PORTER,232.133566720582,0.333333333333333,77.3778555735274,77.3778555735274,0,0,200,PERFORM Zone-E total allocated to Edic/Porter equivalents,low
S6_2025_LOW_TOTAL_EAST_PUBLIC,PERFORM_GSK__perform_rxb,G,39,LEEDS,908.652169468885,0.408278691528877,370.983318805632,370.983318805632,0,0,600,PERFORM Athens/South-Cairo/West-Coxsackie cluster,medium
S6_2025_LOW_TOTAL_EAST_PUBLIC,PERFORM_GSK__perform_rxb,G,73,PLEASANT VLY,908.652169468885,0.358300196665811,325.570251021517,325.570251021517,0,0,900,PERFORM Roseton/CPV-Valley cluster,medium
S6_2025_LOW_TOTAL_EAST_PUBLIC,PERFORM_GSK__perform_rxb,G,76,RAMAPO,908.652169468885,0.233421111805312,212.098599641736,212.098599641736,0,0,700,Residual Zone-G plants at Ramapo proxy,medium
S6_2025_LOW_TOTAL_EAST_PUBLIC,PERFORM_CAP_GSK__current,F,37,NEW SEATHED,1112.57401163943,0.210302229460617,233.976795087714,233.976795087714,0,0,455.936073628024,Residual Zone-F plants at New Scotland proxy,medium
S6_2025_LOW_TOTAL_EAST_PUBLIC,PERFORM_CAP_GSK__current,F,38,GILBOA,1112.57401163943,0.28871900454521,321.221261123407,321.221261123407,0,0,625.943955286439,PERFORM Blenheim-Gilboa plant,high
S6_2025_LOW_TOTAL_EAST_PUBLIC,PERFORM_CAP_GSK__current,F,41,ROTTERDAM,1112.57401163943,0.099654470089088,110.872973564818,110.872973564818,0,0,216.051289272751,PERFORM Selkirk cluster at Rotterdam proxy,medium
S6_2025_LOW_TOTAL_EAST_PUBLIC,PERFORM_CAP_GSK__current,F,42,ALBANY,1112.57401163943,0.401324295905085,446.502981863489,446.502981863489,0,0,870.072676812786,PERFORM Bethlehem/Empire Capital-region cluster,medium
S6_2025_LOW_TOTAL_EAST_PUBLIC,PERFORM_CAP_GSK__current,D,47,MOSES W,984.9807077,0.959329106258799,944.920662,944.920662,0,0,944.920662,PERFORM Zone-D total allocated to Moses W/E proxies,low
S6_2025_LOW_TOTAL_EAST_PUBLIC,PERFORM_CAP_GSK__current,D,48,MOSES E,984.9807077,0.0406708937412013,40.0600457,40.0600457,0,0,40.0600457,PERFORM Zone-D total allocated to Moses W/E proxies,low
S6_2025_LOW_TOTAL_EAST_PUBLIC,PERFORM_CAP_GSK__current,C,50,CLAY,2511.2,0.682385315127198,1713.60600334742,1713.60600334742,0,0,1713.60600334742,PERFORM Nine Mile/Fitzpatrick/Independence/Oswego cluster,high
S6_2025_LOW_TOTAL_EAST_PUBLIC,PERFORM_CAP_GSK__current,C,51,CLAY,2511.2,0.180824507709693,454.08650376058,454.08650376058,0,0,454.08650376058,PERFORM Nine Mile/Fitzpatrick/Independence/Oswego cluster,high
S6_2025_LOW_TOTAL_EAST_PUBLIC,PERFORM_CAP_GSK__current,C,65,GESONIDGE,2511.2,0.024572506913824,61.7064793619949,61.7064793619949,0,0,61.7064793619949,PERFORM Greenidge plant,high
S6_2025_LOW_TOTAL_EAST_PUBLIC,PERFORM_CAP_GSK__current,C,68,HILLSIDE,2511.2,0.0597090451253934,149.941354118888,149.941354118888,0,0,149.941354118888,Residual Zone-C plants allocated to Hillside/Lapeer proxies,medium
S6_2025_LOW_TOTAL_EAST_PUBLIC,PERFORM_CAP_GSK__current,C,71,BINGHAMTON,2511.2,0.0104652541081939,26.2803461164964,26.2803461164964,0,0,26.2803461164964,PERFORM Binghamton plant,high
S6_2025_LOW_TOTAL_EAST_PUBLIC,PERFORM_CAP_GSK__current,C,72,LAPEER,2511.2,0.0420433710156976,105.57931329462,105.57931329462,0,0,105.57931329462,Residual Zone-C plants allocated to Hillside/Lapeer proxies,medium
S6_2025_LOW_TOTAL_EAST_PUBLIC,PERFORM_CAP_GSK__current,B,53,ROCHESTER,288.8,1,288.8,288.8,0,0,288.8,All PERFORM Zone-B generation at retained Rochester proxy,medium
S6_2025_LOW_TOTAL_EAST_PUBLIC,PERFORM_CAP_GSK__current,A,54,NIAGARA W,1292.8,0.382185175153705,494.08899443871,494.08899443871,-5.6843418860808e-14,0,494.08899443871,PERFORM Niagara hydro plants,high
S6_2025_LOW_TOTAL_EAST_PUBLIC,PERFORM_CAP_GSK__current,A,55,NIAGARA E,1292.8,0.191092587576852,247.044497219355,247.044497219355,-2.8421709430404e-14,0,247.044497219355,PERFORM Niagara hydro plants,high
S6_2025_LOW_TOTAL_EAST_PUBLIC,PERFORM_CAP_GSK__current,A,56,HUNTLEY,1292.8,0.3012848165981,389.501010898024,389.501010898024,-5.6843418860808e-14,0,389.501010898024,Residual Zone-A plants allocated to Huntley/Dunkirk proxies,medium
S6_2025_LOW_TOTAL_EAST_PUBLIC,PERFORM_CAP_GSK__current,A,57,HUNTLEY,1292.8,0.00871229543477941,11.2632555380828,11.2632555380828,-1.77635683940025e-15,0,11.2632555380828,Residual Zone-A plants allocated to Huntley/Dunkirk proxies,medium
S6_2025_LOW_TOTAL_EAST_PUBLIC,PERFORM_CAP_GSK__current,A,60,DUNKIRK,1292.8,0.036229555911566,46.8375698824726,46.8375698824726,-7.105427357601e-15,0,46.8375698824726,Residual Zone-A plants allocated to Huntley/Dunkirk proxies,medium
S6_2025_LOW_TOTAL_EAST_PUBLIC,PERFORM_CAP_GSK__current,A,61,DUNKIRK,1292.8,0.0804955693249973,104.064672023357,104.064672023357,-1.4210854715202e-14,0,104.064672023357,Residual Zone-A plants allocated to Huntley/Dunkirk proxies,medium
S6_2025_LOW_TOTAL_EAST_PUBLIC,PERFORM_CAP_GSK__current,I,78,CE UG,0,1,0,0,0,0,565.099092,PERFORM Zone-I residual at CE UG interface proxy,low
S6_2025_LOW_TOTAL_EAST_PUBLIC,PERFORM_CAP_GSK__current,J,79,RAV A-3,2568.75974157382,0.706420369463462,1814.62420570545,1814.62420570545,0,0,2964.90100995997,PERFORM Ravenswood/Astoria generation cluster,high
S6_2025_LOW_TOTAL_EAST_PUBLIC,PERFORM_CAP_GSK__current,J,81,GOETHALS,2568.75974157382,0.165299657210587,424.61510473851,424.61510473851,0,0,693.775465424283,Residual Zone-J generation at Goethals/Gowanus proxy,medium
S6_2025_LOW_TOTAL_EAST_PUBLIC,PERFORM_CAP_GSK__current,J,82,AK-3,2568.75974157382,0.128279973325951,329.520431129867,329.520431129867,0,0,538.40098461575,PERFORM Arthur-Kill/Narrows generation cluster,high
S6_2025_LOW_TOTAL_EAST_PUBLIC,PERFORM_CAP_GSK__current,K,80,NORTHPORT,1508.83380337138,0.284679453396702,429.533982410232,429.533982410232,0,0,678.940381470316,PERFORM Northport plant,high
S6_2025_LOW_TOTAL_EAST_PUBLIC,PERFORM_CAP_GSK__current,K,9003,EAST GARDEN CITY,1508.83380337138,0.715320546603298,1079.29982096115,1079.29982096115,0,0,1705.98896052968,Residual Zone-K plants at East Garden City proxy,medium
S6_2025_LOW_TOTAL_EAST_PUBLIC,PERFORM_CAP_GSK__current,E,43,EDIC,232.133566720582,0.666666666666667,154.755711147055,154.755711147055,0,0,400,PERFORM Zone-E total allocated to Edic/Porter equivalents,low
S6_2025_LOW_TOTAL_EAST_PUBLIC,PERFORM_CAP_GSK__current,E,44,PORTER,232.133566720582,0.333333333333333,77.3778555735274,77.3778555735274,0,0,200,PERFORM Zone-E total allocated to Edic/Porter equivalents,low
S6_2025_LOW_TOTAL_EAST_PUBLIC,PERFORM_CAP_GSK__current,G,39,LEEDS,908.652169468885,0.408278691528877,370.983318805632,370.983318805632,0,0,898.21312136353,PERFORM Athens/South-Cairo/West-Coxsackie cluster,medium
S6_2025_LOW_TOTAL_EAST_PUBLIC,PERFORM_CAP_GSK__current,G,73,PLEASANT VLY,908.652169468885,0.358300196665811,325.570251021517,325.570251021517,0,0,788.260432664784,PERFORM Roseton/CPV-Valley cluster,medium
S6_2025_LOW_TOTAL_EAST_PUBLIC,PERFORM_CAP_GSK__current,G,76,RAMAPO,908.652169468885,0.233421111805312,212.098599641736,212.098599641736,0,0,513.526445971687,Residual Zone-G plants at Ramapo proxy,medium
S6_2025_LOW_TOTAL_EAST_PUBLIC,PERFORM_CAP_GSK__perform_rx,F,37,NEW SEATHED,1112.57401163943,0.210302229460617,233.976795087714,233.976795087714,0,0,455.936073628024,Residual Zone-F plants at New Scotland proxy,medium
S6_2025_LOW_TOTAL_EAST_PUBLIC,PERFORM_CAP_GSK__perform_rx,F,38,GILBOA,1112.57401163943,0.28871900454521,321.221261123407,321.221261123407,0,0,625.943955286439,PERFORM Blenheim-Gilboa plant,high
S6_2025_LOW_TOTAL_EAST_PUBLIC,PERFORM_CAP_GSK__perform_rx,F,41,ROTTERDAM,1112.57401163943,0.099654470089088,110.872973564818,110.872973564818,0,0,216.051289272751,PERFORM Selkirk cluster at Rotterdam proxy,medium
S6_2025_LOW_TOTAL_EAST_PUBLIC,PERFORM_CAP_GSK__perform_rx,F,42,ALBANY,1112.57401163943,0.401324295905085,446.502981863489,446.502981863489,0,0,870.072676812786,PERFORM Bethlehem/Empire Capital-region cluster,medium
S6_2025_LOW_TOTAL_EAST_PUBLIC,PERFORM_CAP_GSK__perform_rx,D,47,MOSES W,984.9807077,0.959329106258799,944.920662,944.920662,0,0,944.920662,PERFORM Zone-D total allocated to Moses W/E proxies,low
S6_2025_LOW_TOTAL_EAST_PUBLIC,PERFORM_CAP_GSK__perform_rx,D,48,MOSES E,984.9807077,0.0406708937412013,40.0600457,40.0600457,0,0,40.0600457,PERFORM Zone-D total allocated to Moses W/E proxies,low
S6_2025_LOW_TOTAL_EAST_PUBLIC,PERFORM_CAP_GSK__perform_rx,C,50,CLAY,2511.2,0.682385315127198,1713.60600334742,1713.60600334742,0,0,1713.60600334742,PERFORM Nine Mile/Fitzpatrick/Independence/Oswego cluster,high
S6_2025_LOW_TOTAL_EAST_PUBLIC,PERFORM_CAP_GSK__perform_rx,C,51,CLAY,2511.2,0.180824507709693,454.08650376058,454.08650376058,0,0,454.08650376058,PERFORM Nine Mile/Fitzpatrick/Independence/Oswego cluster,high
S6_2025_LOW_TOTAL_EAST_PUBLIC,PERFORM_CAP_GSK__perform_rx,C,65,GESONIDGE,2511.2,0.024572506913824,61.7064793619949,61.7064793619949,0,0,61.7064793619949,PERFORM Greenidge plant,high
S6_2025_LOW_TOTAL_EAST_PUBLIC,PERFORM_CAP_GSK__perform_rx,C,68,HILLSIDE,2511.2,0.0597090451253934,149.941354118888,149.941354118888,0,0,149.941354118888,Residual Zone-C plants allocated to Hillside/Lapeer proxies,medium
S6_2025_LOW_TOTAL_EAST_PUBLIC,PERFORM_CAP_GSK__perform_rx,C,71,BINGHAMTON,2511.2,0.0104652541081939,26.2803461164964,26.2803461164964,0,0,26.2803461164964,PERFORM Binghamton plant,high
S6_2025_LOW_TOTAL_EAST_PUBLIC,PERFORM_CAP_GSK__perform_rx,C,72,LAPEER,2511.2,0.0420433710156976,105.57931329462,105.57931329462,0,0,105.57931329462,Residual Zone-C plants allocated to Hillside/Lapeer proxies,medium
S6_2025_LOW_TOTAL_EAST_PUBLIC,PERFORM_CAP_GSK__perform_rx,B,53,ROCHESTER,288.8,1,288.8,288.8,0,0,288.8,All PERFORM Zone-B generation at retained Rochester proxy,medium
S6_2025_LOW_TOTAL_EAST_PUBLIC,PERFORM_CAP_GSK__perform_rx,A,54,NIAGARA W,1292.8,0.382185175153705,494.08899443871,494.08899443871,-5.6843418860808e-14,0,494.08899443871,PERFORM Niagara hydro plants,high
S6_2025_LOW_TOTAL_EAST_PUBLIC,PERFORM_CAP_GSK__perform_rx,A,55,NIAGARA E,1292.8,0.191092587576852,247.044497219355,247.044497219355,-2.8421709430404e-14,0,247.044497219355,PERFORM Niagara hydro plants,high
S6_2025_LOW_TOTAL_EAST_PUBLIC,PERFORM_CAP_GSK__perform_rx,A,56,HUNTLEY,1292.8,0.3012848165981,389.501010898024,389.501010898024,-5.6843418860808e-14,0,389.501010898024,Residual Zone-A plants allocated to Huntley/Dunkirk proxies,medium
S6_2025_LOW_TOTAL_EAST_PUBLIC,PERFORM_CAP_GSK__perform_rx,A,57,HUNTLEY,1292.8,0.00871229543477941,11.2632555380828,11.2632555380828,-1.77635683940025e-15,0,11.2632555380828,Residual Zone-A plants allocated to Huntley/Dunkirk proxies,medium
S6_2025_LOW_TOTAL_EAST_PUBLIC,PERFORM_CAP_GSK__perform_rx,A,60,DUNKIRK,1292.8,0.036229555911566,46.8375698824726,46.8375698824726,-7.105427357601e-15,0,46.8375698824726,Residual Zone-A plants allocated to Huntley/Dunkirk proxies,medium
S6_2025_LOW_TOTAL_EAST_PUBLIC,PERFORM_CAP_GSK__perform_rx,A,61,DUNKIRK,1292.8,0.0804955693249973,104.064672023357,104.064672023357,-1.4210854715202e-14,0,104.064672023357,Residual Zone-A plants allocated to Huntley/Dunkirk proxies,medium
S6_2025_LOW_TOTAL_EAST_PUBLIC,PERFORM_CAP_GSK__perform_rx,I,78,CE UG,0,1,0,0,0,0,565.099092,PERFORM Zone-I residual at CE UG interface proxy,low
S6_2025_LOW_TOTAL_EAST_PUBLIC,PERFORM_CAP_GSK__perform_rx,J,79,RAV A-3,2568.75974157382,0.706420369463462,1814.62420570545,1814.62420570545,0,0,2964.90100995997,PERFORM Ravenswood/Astoria generation cluster,high
S6_2025_LOW_TOTAL_EAST_PUBLIC,PERFORM_CAP_GSK__perform_rx,J,81,GOETHALS,2568.75974157382,0.165299657210587,424.61510473851,424.61510473851,0,0,693.775465424283,Residual Zone-J generation at Goethals/Gowanus proxy,medium
S6_2025_LOW_TOTAL_EAST_PUBLIC,PERFORM_CAP_GSK__perform_rx,J,82,AK-3,2568.75974157382,0.128279973325951,329.520431129867,329.520431129867,0,0,538.40098461575,PERFORM Arthur-Kill/Narrows generation cluster,high
S6_2025_LOW_TOTAL_EAST_PUBLIC,PERFORM_CAP_GSK__perform_rx,K,80,NORTHPORT,1508.83380337138,0.284679453396702,429.533982410232,429.533982410232,0,0,678.940381470316,PERFORM Northport plant,high
S6_2025_LOW_TOTAL_EAST_PUBLIC,PERFORM_CAP_GSK__perform_rx,K,9003,EAST GARDEN CITY,1508.83380337138,0.715320546603298,1079.29982096115,1079.29982096115,0,0,1705.98896052968,Residual Zone-K plants at East Garden City proxy,medium
S6_2025_LOW_TOTAL_EAST_PUBLIC,PERFORM_CAP_GSK__perform_rx,E,43,EDIC,232.133566720582,0.666666666666667,154.755711147055,154.755711147055,0,0,400,PERFORM Zone-E total allocated to Edic/Porter equivalents,low
S6_2025_LOW_TOTAL_EAST_PUBLIC,PERFORM_CAP_GSK__perform_rx,E,44,PORTER,232.133566720582,0.333333333333333,77.3778555735274,77.3778555735274,0,0,200,PERFORM Zone-E total allocated to Edic/Porter equivalents,low
S6_2025_LOW_TOTAL_EAST_PUBLIC,PERFORM_CAP_GSK__perform_rx,G,39,LEEDS,908.652169468885,0.408278691528877,370.983318805632,370.983318805632,0,0,898.21312136353,PERFORM Athens/South-Cairo/West-Coxsackie cluster,medium
S6_2025_LOW_TOTAL_EAST_PUBLIC,PERFORM_CAP_GSK__perform_rx,G,73,PLEASANT VLY,908.652169468885,0.358300196665811,325.570251021517,325.570251021517,0,0,788.260432664784,PERFORM Roseton/CPV-Valley cluster,medium
S6_2025_LOW_TOTAL_EAST_PUBLIC,PERFORM_CAP_GSK__perform_rx,G,76,RAMAPO,908.652169468885,0.233421111805312,212.098599641736,212.098599641736,0,0,513.526445971687,Residual Zone-G plants at Ramapo proxy,medium
S6_2025_LOW_TOTAL_EAST_PUBLIC,PERFORM_CAP_GSK__perform_rxb,F,37,NEW SEATHED,1112.57401163943,0.210302229460617,233.976795087714,233.976795087714,0,0,455.936073628024,Residual Zone-F plants at New Scotland proxy,medium
S6_2025_LOW_TOTAL_EAST_PUBLIC,PERFORM_CAP_GSK__perform_rxb,F,38,GILBOA,1112.57401163943,0.28871900454521,321.221261123407,321.221261123407,0,0,625.943955286439,PERFORM Blenheim-Gilboa plant,high
S6_2025_LOW_TOTAL_EAST_PUBLIC,PERFORM_CAP_GSK__perform_rxb,F,41,ROTTERDAM,1112.57401163943,0.099654470089088,110.872973564818,110.872973564818,0,0,216.051289272751,PERFORM Selkirk cluster at Rotterdam proxy,medium
S6_2025_LOW_TOTAL_EAST_PUBLIC,PERFORM_CAP_GSK__perform_rxb,F,42,ALBANY,1112.57401163943,0.401324295905085,446.502981863489,446.502981863489,0,0,870.072676812786,PERFORM Bethlehem/Empire Capital-region cluster,medium
S6_2025_LOW_TOTAL_EAST_PUBLIC,PERFORM_CAP_GSK__perform_rxb,D,47,MOSES W,984.9807077,0.959329106258799,944.920662,944.920662,0,0,944.920662,PERFORM Zone-D total allocated to Moses W/E proxies,low
S6_2025_LOW_TOTAL_EAST_PUBLIC,PERFORM_CAP_GSK__perform_rxb,D,48,MOSES E,984.9807077,0.0406708937412013,40.0600457,40.0600457,0,0,40.0600457,PERFORM Zone-D total allocated to Moses W/E proxies,low
S6_2025_LOW_TOTAL_EAST_PUBLIC,PERFORM_CAP_GSK__perform_rxb,C,50,CLAY,2511.2,0.682385315127198,1713.60600334742,1713.60600334742,0,0,1713.60600334742,PERFORM Nine Mile/Fitzpatrick/Independence/Oswego cluster,high
S6_2025_LOW_TOTAL_EAST_PUBLIC,PERFORM_CAP_GSK__perform_rxb,C,51,CLAY,2511.2,0.180824507709693,454.08650376058,454.08650376058,0,0,454.08650376058,PERFORM Nine Mile/Fitzpatrick/Independence/Oswego cluster,high
S6_2025_LOW_TOTAL_EAST_PUBLIC,PERFORM_CAP_GSK__perform_rxb,C,65,GESONIDGE,2511.2,0.024572506913824,61.7064793619949,61.7064793619949,0,0,61.7064793619949,PERFORM Greenidge plant,high
S6_2025_LOW_TOTAL_EAST_PUBLIC,PERFORM_CAP_GSK__perform_rxb,C,68,HILLSIDE,2511.2,0.0597090451253934,149.941354118888,149.941354118888,0,0,149.941354118888,Residual Zone-C plants allocated to Hillside/Lapeer proxies,medium
S6_2025_LOW_TOTAL_EAST_PUBLIC,PERFORM_CAP_GSK__perform_rxb,C,71,BINGHAMTON,2511.2,0.0104652541081939,26.2803461164964,26.2803461164964,0,0,26.2803461164964,PERFORM Binghamton plant,high
S6_2025_LOW_TOTAL_EAST_PUBLIC,PERFORM_CAP_GSK__perform_rxb,C,72,LAPEER,2511.2,0.0420433710156976,105.57931329462,105.57931329462,0,0,105.57931329462,Residual Zone-C plants allocated to Hillside/Lapeer proxies,medium
S6_2025_LOW_TOTAL_EAST_PUBLIC,PERFORM_CAP_GSK__perform_rxb,B,53,ROCHESTER,288.8,1,288.8,288.8,0,0,288.8,All PERFORM Zone-B generation at retained Rochester proxy,medium
S6_2025_LOW_TOTAL_EAST_PUBLIC,PERFORM_CAP_GSK__perform_rxb,A,54,NIAGARA W,1292.8,0.382185175153705,494.08899443871,494.08899443871,-5.6843418860808e-14,0,494.08899443871,PERFORM Niagara hydro plants,high
S6_2025_LOW_TOTAL_EAST_PUBLIC,PERFORM_CAP_GSK__perform_rxb,A,55,NIAGARA E,1292.8,0.191092587576852,247.044497219355,247.044497219355,-2.8421709430404e-14,0,247.044497219355,PERFORM Niagara hydro plants,high
S6_2025_LOW_TOTAL_EAST_PUBLIC,PERFORM_CAP_GSK__perform_rxb,A,56,HUNTLEY,1292.8,0.3012848165981,389.501010898024,389.501010898024,-5.6843418860808e-14,0,389.501010898024,Residual Zone-A plants allocated to Huntley/Dunkirk proxies,medium
S6_2025_LOW_TOTAL_EAST_PUBLIC,PERFORM_CAP_GSK__perform_rxb,A,57,HUNTLEY,1292.8,0.00871229543477941,11.2632555380828,11.2632555380828,-1.77635683940025e-15,0,11.2632555380828,Residual Zone-A plants allocated to Huntley/Dunkirk proxies,medium
S6_2025_LOW_TOTAL_EAST_PUBLIC,PERFORM_CAP_GSK__perform_rxb,A,60,DUNKIRK,1292.8,0.036229555911566,46.8375698824726,46.8375698824726,-7.105427357601e-15,0,46.8375698824726,Residual Zone-A plants allocated to Huntley/Dunkirk proxies,medium
S6_2025_LOW_TOTAL_EAST_PUBLIC,PERFORM_CAP_GSK__perform_rxb,A,61,DUNKIRK,1292.8,0.0804955693249973,104.064672023357,104.064672023357,-1.4210854715202e-14,0,104.064672023357,Residual Zone-A plants allocated to Huntley/Dunkirk proxies,medium
S6_2025_LOW_TOTAL_EAST_PUBLIC,PERFORM_CAP_GSK__perform_rxb,I,78,CE UG,0,1,0,0,0,0,565.099092,PERFORM Zone-I residual at CE UG interface proxy,low
S6_2025_LOW_TOTAL_EAST_PUBLIC,PERFORM_CAP_GSK__perform_rxb,J,79,RAV A-3,2568.75974157382,0.706420369463462,1814.62420570545,1814.62420570545,0,0,2964.90100995997,PERFORM Ravenswood/Astoria generation cluster,high
S6_2025_LOW_TOTAL_EAST_PUBLIC,PERFORM_CAP_GSK__perform_rxb,J,81,GOETHALS,2568.75974157382,0.165299657210587,424.61510473851,424.61510473851,0,0,693.775465424283,Residual Zone-J generation at Goethals/Gowanus proxy,medium
S6_2025_LOW_TOTAL_EAST_PUBLIC,PERFORM_CAP_GSK__perform_rxb,J,82,AK-3,2568.75974157382,0.128279973325951,329.520431129867,329.520431129867,0,0,538.40098461575,PERFORM Arthur-Kill/Narrows generation cluster,high
S6_2025_LOW_TOTAL_EAST_PUBLIC,PERFORM_CAP_GSK__perform_rxb,K,80,NORTHPORT,1508.83380337138,0.284679453396702,429.533982410232,429.533982410232,0,0,678.940381470316,PERFORM Northport plant,high
S6_2025_LOW_TOTAL_EAST_PUBLIC,PERFORM_CAP_GSK__perform_rxb,K,9003,EAST GARDEN CITY,1508.83380337138,0.715320546603298,1079.29982096115,1079.29982096115,0,0,1705.98896052968,Residual Zone-K plants at East Garden City proxy,medium
S6_2025_LOW_TOTAL_EAST_PUBLIC,PERFORM_CAP_GSK__perform_rxb,E,43,EDIC,232.133566720582,0.666666666666667,154.755711147055,154.755711147055,0,0,400,PERFORM Zone-E total allocated to Edic/Porter equivalents,low
S6_2025_LOW_TOTAL_EAST_PUBLIC,PERFORM_CAP_GSK__perform_rxb,E,44,PORTER,232.133566720582,0.333333333333333,77.3778555735274,77.3778555735274,0,0,200,PERFORM Zone-E total allocated to Edic/Porter equivalents,low
S6_2025_LOW_TOTAL_EAST_PUBLIC,PERFORM_CAP_GSK__perform_rxb,G,39,LEEDS,908.652169468885,0.408278691528877,370.983318805632,370.983318805632,0,0,898.21312136353,PERFORM Athens/South-Cairo/West-Coxsackie cluster,medium
S6_2025_LOW_TOTAL_EAST_PUBLIC,PERFORM_CAP_GSK__perform_rxb,G,73,PLEASANT VLY,908.652169468885,0.358300196665811,325.570251021517,325.570251021517,0,0,788.260432664784,PERFORM Roseton/CPV-Valley cluster,medium
S6_2025_LOW_TOTAL_EAST_PUBLIC,PERFORM_CAP_GSK__perform_rxb,G,76,RAMAPO,908.652169468885,0.233421111805312,212.098599641736,212.098599641736,0,0,513.526445971687,Residual Zone-G plants at Ramapo proxy,medium
